0.026259,0.026248,0.026232,0.026229,0.026298,
0.026242,0.026248,0.026263,0.026256,0.026232,
0.026235,0.026263,0.026266,0.026266,0.026245,
0.026713,0.027656,0.026416,0.026250,0.026240,
0.026232,0.026234,0.026236,0.026249,0.026237,
0.026230,0.026250,0.026234,0.026248,0.026246,
0.026232,0.026252,0.026316,0.026260,0.026242,
0.026259,0.026265,0.026284,0.026276,0.026274,
0.026237,0.026259,0.026241,0.026289,0.026242,
0.026253,0.026272,0.026240,0.026236,0.026231,
0.026303,0.026243,0.026230,0.026232,0.026230,
0.026237,0.026236,0.026229,0.026231,0.026250,
0.026234,0.026230,0.026257,0.026252,0.026244,
0.026269,0.026245,0.026286,0.026267,0.026251,
0.026257,0.026245,0.026232,0.026259,0.026429,
0.026266,0.026235,0.026231,0.026229,0.026231,
0.026283,0.026236,0.026233,0.026261,0.026246,
0.026247,0.026279,0.026266,0.026235,0.026263,
0.026275,0.026233,0.026263,0.026232,0.026265,
0.026240,0.026240,0.026255,0.026272,0.026246,
0.026268,0.026232,0.026231,0.026241,0.026241,
0.026254,0.026256,0.026243,0.026236,0.026238,
0.026240,0.026257,0.026245,0.026229,0.026238,
0.026279,0.026243,0.026247,0.026232,0.026231,
0.026232,0.026226,0.026251,0.026233,0.026229,
0.026248,0.026252,0.026271,0.026304,0.026266,
0.026239,0.026231,0.026248,0.026248,0.026265,
0.026266,0.026236,0.026230,0.026241,0.026226,
0.026234,0.026233,0.026250,0.026266,0.026235,
0.026273,0.026271,0.026263,0.026234,0.026267,
0.026242,0.026250,0.026257,0.026236,0.026237,
0.026231,0.026296,0.026239,0.026232,0.026271,
0.026244,0.026231,0.026235,0.026231,0.026260,
0.026234,0.026265,0.026235,0.026231,0.026227,
0.026268,0.026232,0.026232,0.026269,0.026245,
0.026310,0.026279,0.026260,0.026298,0.026257,
0.026243,0.026270,0.026261,0.026261,0.026266,
0.026281,0.026259,0.026255,0.026276,0.026275,
0.026251,0.026252,0.026268,0.026235,0.026230,
0.026239,0.026259,0.026268,0.026242,0.026269,
0.026232,0.026245,0.026289,0.026227,0.026282,
0.026246,0.026229,0.026232,0.026232,0.026230,
0.026231,0.026229,0.026242,0.026265,0.026230,
0.026234,0.026230,0.026241,0.026252,0.026231,
0.026232,0.026257,0.026276,0.026296,0.026239,
0.026237,0.026234,0.026228,0.026238,0.026243,
0.026227,0.026235,0.026232,0.026228,0.026234,
0.026226,0.026230,0.026255,0.026234,0.026231,
0.026263,0.026263,0.026239,0.026259,0.026234,
0.026237,0.026265,0.026234,0.026233,0.026231,
0.026236,0.026230,0.026264,0.026447,0.026301,
0.026241,0.026255,0.026278,0.026239,0.026262,
0.026246,0.026240,0.026230,0.026232,0.026228,
0.026231,0.026235,0.026239,0.026233,0.026267,
0.026252,0.026270,0.026235,0.026240,0.026254,
0.026247,0.026235,0.026232,0.026276,0.026233,
0.026255,0.026285,0.026228,0.026233,0.026228,
0.026241,0.026227,0.026232,0.026227,0.026254,
0.026251,0.026236,0.026283,0.026252,0.026289,
0.026274,0.026245,0.026243,0.026303,0.026240,
0.026254,0.026238,0.026267,0.026259,0.026234,
0.026280,0.026232,0.026224,0.026333,0.026262,
0.026257,0.026257,0.026232,0.026248,0.026233,
0.026223,0.026229,0.026263,0.026310,0.026241,
0.026268,0.026236,0.026227,0.026233,0.026227,
0.026231,0.026227,0.026228,0.026240,0.026285,
0.026252,0.026227,0.026240,0.026245,0.026229,
0.026227,0.026280,0.026260,0.026253,0.026246,
0.026231,0.026235,0.026229,0.026234,0.026234,
0.026252,0.026260,0.026229,0.026229,0.026235,
0.026226,0.026242,0.026233,0.026227,0.026232,
0.026225,0.026227,0.026248,0.026235,0.026242,
0.026229,0.026229,0.026268,0.026232,0.026234,
0.026232,0.026294,0.026234,0.026235,0.026229,
0.026233,0.026248,0.026236,0.026233,0.026232,
0.026261,0.026238,0.026227,0.026232,0.026228,
0.026233,0.026231,0.026267,0.026243,0.026230,
0.026237,0.026228,0.026233,0.026234,0.026252,
0.026259,0.026236,0.026232,0.026230,0.026250,
0.026249,0.026250,0.026699,0.026565,0.026239,
0.026240,0.026227,0.026233,0.026244,0.026234,
0.026245,0.026257,0.026289,0.026239,0.026247,
0.026233,0.026230,0.026244,0.026302,0.026253,
0.026227,0.026234,0.026230,0.026227,0.026228,
0.026275,0.026232,0.026259,0.026232,0.026234,
0.026224,0.026229,0.026237,0.026234,0.026237,
0.026227,0.026244,0.026228,0.026266,0.026270,
0.026239,0.026230,0.026234,0.026228,0.026232,
0.026235,0.026231,0.026230,0.026237,0.026230,
0.026236,0.026230,0.026248,0.026268,0.026259,
0.026233,0.026228,0.026270,0.026236,0.026227,
0.026230,0.026240,0.026251,0.026249,0.026287,
0.026233,0.026351,0.026274,0.026272,0.026231,
0.026256,0.026246,0.026228,0.026233,0.026238,
0.026230,0.026274,0.026245,0.026265,0.026231,
0.026229,0.026236,0.026236,0.026258,0.026238,
0.026231,0.026230,0.026286,0.026251,0.026261,
0.026257,0.026234,0.026232,0.026240,0.026253,
0.026248,0.026228,0.026230,0.026232,0.026226,
0.026234,0.026235,0.026228,0.026234,0.026266,
0.026233,0.026269,0.026258,0.026237,0.026279,
0.026228,0.026235,0.026241,0.026251,0.026313,
0.026228,0.026275,0.026233,0.026227,0.026238,
0.026225,0.026260,0.026239,0.026231,0.026239,
0.026226,0.026228,0.026265,0.026270,0.026234,
0.026231,0.026235,0.026230,0.026233,0.026265,
0.026235,0.026232,0.026233,0.026231,0.026244,
0.026242,0.026281,0.026229,0.026236,0.026233,
0.026232,0.026232,0.026241,0.026233,0.026228,
0.026300,0.026239,0.026230,0.026251,0.026265,
0.026257,0.026234,0.026415,0.026230,0.026235,
0.026227,0.026315,0.026240,0.026231,0.026276,
0.026233,0.026265,0.026235,0.026261,0.026237,
0.026241,0.026261,0.026236,0.026270,0.026232,
0.026253,0.026243,0.026265,0.026272,0.026231,
0.026265,0.026263,0.026235,0.026232,0.026233,
0.026268,0.026235,0.026228,0.026229,0.026233,
0.026228,0.026262,0.026237,0.026259,0.026237,
0.026233,0.026231,0.026263,0.026270,0.026236,
0.026225,0.026228,0.026234,0.026230,0.026237,
0.026244,0.026229,0.026235,0.026237,0.026318,
0.026252,0.026244,0.026232,0.026232,0.026233,
0.026232,0.026224,0.026262,0.026291,0.026234,
0.026231,0.026253,0.026239,0.026282,0.026229,
0.026228,0.026233,0.026244,0.026228,0.026227,
0.026265,0.026231,0.026284,0.026233,0.026230,
0.026225,0.026236,0.026228,0.026233,0.026229,
0.026230,0.026250,0.026237,0.026247,0.026265,
0.026235,0.026238,0.026231,0.026262,0.026231,
0.026230,0.026226,0.026231,0.026231,0.026230,
0.026232,0.026263,0.026269,0.026265,0.026234,
0.026245,0.026247,0.026231,0.026233,0.026228,
0.026233,0.026238,0.026255,0.026232,0.026242,
0.026253,0.026244,0.026227,0.026232,0.026266,
0.026251,0.026283,0.026232,0.026225,0.026231,
0.026235,0.026256,0.026233,0.026228,0.026238,
0.026238,0.026231,0.026256,0.026229,0.026235,
0.026243,0.026238,0.026230,0.026229,0.026277,
0.026237,0.026226,0.026231,0.026232,0.026229,
0.026243,0.026226,0.026234,0.026231,0.026305,
0.026238,0.026232,0.026263,0.026232,0.026258,
0.026242,0.026232,0.026232,0.026228,0.026233,
0.026227,0.026230,0.026227,0.026265,0.026281,
0.026242,0.026229,0.026241,0.026229,0.026231,
0.026233,0.026260,0.026231,0.026227,0.026231,
0.026233,0.026229,0.026232,0.026227,0.026242,
0.026258,0.026259,0.026244,0.026261,0.026256,
0.026266,0.026231,0.026228,0.026232,0.026230,
0.026238,0.026251,0.026250,0.026234,0.026228,
0.026262,0.026239,0.026315,0.026234,0.026230,
0.026230,0.026225,0.026245,0.026234,0.026234,
0.026230,0.026230,0.026232,0.026234,0.026274,
0.026236,0.026266,0.026244,0.026240,0.026233,
0.026259,0.026322,0.026230,0.026249,0.026234,
0.026261,0.026244,0.026233,0.026301,0.026249,
0.026230,0.026228,0.026233,0.026261,0.026984,
0.026271,0.026241,0.026259,0.026242,0.026228,
0.026259,0.026235,0.026246,0.026230,0.026239,
0.026274,0.026273,0.026234,0.026274,0.026294,
0.026252,0.026227,0.026228,0.026255,0.026238,
0.026233,0.026243,0.026226,0.026231,0.026234,
0.026229,0.026253,0.026239,0.026273,0.026228,
0.026234,0.026229,0.026233,0.026229,0.026234,
0.026234,0.026248,0.026226,0.026261,0.026231,
0.026232,0.026228,0.026226,0.026237,0.026262,
0.026228,0.026234,0.026227,0.026244,0.026243,
0.026227,0.026241,0.026233,0.026223,0.026263,
0.026230,0.026262,0.026234,0.026228,0.026229,
0.026226,0.026248,0.026313,0.026276,0.026237,
0.026231,0.026237,0.026231,0.026227,0.026237,
0.026233,0.026229,0.026230,0.026236,0.026234,
0.026260,0.026234,0.026264,0.026247,0.026231,
0.026229,0.026238,0.026230,0.026246,0.026226,
0.026235,0.026242,0.026245,0.026270,0.026247,
0.026231,0.026233,0.026225,0.026228,0.026261,
0.026229,0.026230,0.026240,0.026229,0.026229,
0.026228,0.026229,0.026238,0.026258,0.026232,
0.026243,0.026236,0.026232,0.026229,0.026239,
0.026305,0.028055,0.026240,0.026233,0.026246,
0.026237,0.026232,0.026228,0.026231,0.026234,
0.026231,0.026231,0.026226,0.026235,0.026243,
0.026245,0.026234,0.026238,0.026232,0.026236,
0.026227,0.026243,0.026237,0.026263,0.026237,
0.026233,0.026231,0.026229,0.026281,0.026254,
0.026300,0.026241,0.026231,0.026243,0.026240,
0.026231,0.026231,0.026229,0.026229,0.026224,
0.026239,0.026230,0.026250,0.026230,0.026261,
0.026231,0.026233,0.026292,0.026244,0.026228,
0.026229,0.026232,0.026258,0.026267,0.026243,
0.026264,0.026243,0.026232,0.026239,0.026231,
0.026246,0.026249,0.026237,0.026242,0.026233,
0.026233,0.026232,0.026232,0.026236,0.026263,
0.026290,0.026230,0.026242,0.026266,0.026280,
0.026236,0.026226,0.026232,0.026230,0.026229,
0.026229,0.026230,0.026264,0.026234,0.026225,
0.026229,0.026231,0.026226,0.026230,0.026231,
0.026254,0.026247,0.026230,0.026229,0.026238,
0.026308,0.026231,0.026228,0.026228,0.026248,
0.026242,0.026242,0.026256,0.026247,0.026230,
0.026230,0.026258,0.026237,0.026229,0.026242,
0.026242,0.026263,0.026236,0.026231,0.026225,
0.026231,0.026239,0.026228,0.026230,0.026260,
0.026233,0.026259,0.026236,0.026234,0.026263,
0.026230,0.026227,0.026224,0.026243,0.026244,
0.026259,0.026264,0.026245,0.026231,0.026231,
0.026229,0.026232,0.026262,0.026249,0.026433,
0.026226,0.026235,0.026286,0.026255,0.026228,
0.026231,0.026230,0.026270,0.026238,0.026237,
0.026234,0.026232,0.026232,0.026229,0.026238,
0.026234,0.026231,0.026253,0.026255,0.026243,
0.026231,0.026232,0.026231,0.026231,0.026228,
0.026229,0.026229,0.026268,0.026246,0.026229,
0.026234,0.026229,0.026228,0.026241,0.026228,
0.026225,0.026248,0.026251,0.026227,0.026231,
0.026285,0.026236,0.026230,0.026250,0.026233,
0.026241,0.026238,0.026234,0.026227,0.026234,
0.026290,0.026235,0.026229,0.026243,0.026228,
0.026233,0.026260,0.026234,0.026264,0.026231,
0.026246,0.026229,0.026234,0.026230,0.026258,
0.026262,0.026244,0.026262,0.026270,0.026238,
0.026229,0.026231,0.026225,0.026229,0.026265,
0.026231,0.026229,0.026229,0.026231,0.026263,
0.026231,0.026231,0.026236,0.026246,0.026271,
0.026231,0.026231,0.026241,0.026228,0.026241,
0.026234,0.026228,0.026232,0.026227,0.026272,
0.026265,0.026239,0.026242,0.026307,0.026230,
0.026234,0.026227,0.026230,0.026243,0.026242,
0.026230,0.026232,0.026232,0.026232,0.026226,
0.026232,0.026232,0.026227,0.026264,0.026244,
0.026232,0.026235,0.026230,0.026233,0.026236,
0.026257,0.026244,0.026232,0.026244,0.026229,
0.026226,0.026232,0.026231,0.026230,0.026241,
0.026812,0.026397,0.026250,0.026278,0.026247,
0.026237,0.026277,0.026236,0.026230,0.026224,
0.026231,0.026247,0.026257,0.026242,0.026252,
0.026322,0.026251,0.026231,0.026231,0.026231,
0.026225,0.026276,0.026239,0.026234,0.026227,
0.026224,0.026243,0.026236,0.026229,0.026238,
0.026236,0.026253,0.026234,0.026228,0.026231,
0.026249,0.026259,0.026246,0.026228,0.026239,
0.026231,0.026225,0.026271,0.026243,0.026256,
0.026236,0.026227,0.026233,0.026235,0.026235,
0.026239,0.026231,0.026235,0.026229,0.026231,
0.026233,0.026238,0.026226,0.026230,0.026228,
0.026266,0.026232,0.026226,0.026335,0.026240,
0.026241,0.026263,0.026265,0.026236,0.026242,
0.026229,0.026232,0.026233,0.026255,0.026235,
0.026230,0.026238,0.026228,0.026229,0.026259,
0.026233,0.026230,0.026250,0.026244,0.026238,
0.026258,0.026225,0.026241,0.026240,0.026233,
0.026260,0.026241,0.026269,0.026237,0.026228,
0.026239,0.026232,0.026236,0.026268,0.026230,
0.026230,0.026234,0.026227,0.026233,0.026234,
0.026246,0.026235,0.026264,0.026232,0.026233,
0.026251,0.026326,0.026270,0.026249,0.026239,
0.026252,0.026274,0.026246,0.026227,0.026242,
0.026272,0.026276,0.026263,0.026223,0.026230,
0.026243,0.026230,0.026262,0.026243,0.026233,
0.026249,0.026251,0.026233,0.026235,0.026230,
0.026234,0.026232,0.026282,0.026239,0.026229,
0.026232,0.026236,0.026229,0.026252,0.026245,
0.026237,0.026235,0.026225,0.026234,0.026268,
0.026255,0.026234,0.026230,0.026229,0.026239,
0.026228,0.026264,0.026240,0.026299,0.026289,
0.026244,0.026250,0.026238,0.026247,0.026235,
0.026238,0.026230,0.026263,0.026234,0.026260,
0.026235,0.026228,0.026231,0.026231,0.026240,
0.026257,0.026233,0.026229,0.026234,0.026229,
0.026232,0.026230,0.026232,0.026243,0.026285,
0.026232,0.026245,0.026252,0.026260,0.026275,
0.026231,0.027007,0.026341,0.026231,0.026234,
0.026232,0.026228,0.026255,0.026281,0.026236,
0.026234,0.026254,0.026237,0.026249,0.026244,
0.026233,0.026307,0.026293,0.026237,0.026222,
0.026244,0.026237,0.026234,0.026250,0.026243,
0.026296,0.026230,0.026226,0.026245,0.026235,
0.026261,0.026235,0.026240,0.026287,0.026245,
0.026225,0.026249,0.026274,0.026231,0.026229,
0.026226,0.026232,0.026234,0.026259,0.026231,
0.026236,0.026258,0.026240,0.026226,0.026240,
0.026231,0.026232,0.026266,0.026237,0.026254,
0.026252,0.026238,0.026253,0.026247,0.026228,
0.026230,0.026249,0.026264,0.026329,0.026293,
0.026238,0.026281,0.026229,0.026234,0.026235,
0.026235,0.026275,0.026254,0.026250,0.026243,
0.026261,0.026272,0.026236,0.026240,0.026232,
0.026229,0.026237,0.026232,0.026225,0.026231,
0.026237,0.026261,0.026241,0.026230,0.026243,
0.026235,0.026229,0.026228,0.026224,0.026228,
0.026227,0.026231,0.026230,0.026248,0.026228,
0.026269,0.026232,0.026268,0.026264,0.026229,
0.026229,0.026234,0.026236,0.026263,0.026229,
0.026278,0.026340,0.026241,0.026276,0.026259,
0.026246,0.026235,0.026226,0.026230,0.026258,
0.026262,0.026238,0.026233,0.026258,0.026232,
0.026227,0.026243,0.026245,0.026228,0.026236,
0.026283,0.026258,0.026271,0.026236,0.026231,
0.026231,0.026239,0.026253,0.026267,0.026228,
0.026230,0.026226,0.026234,0.026228,0.026226,
0.026236,0.026290,0.026243,0.026264,0.026230,
0.026270,0.026268,0.026261,0.026230,0.026282,
0.026231,0.026235,0.026255,0.026311,0.026254,
0.026228,0.026263,0.026236,0.026224,0.026242,
0.026228,0.026252,0.026291,0.026231,0.026231,
0.026269,0.026231,0.026230,0.026229,0.026235,
0.026245,0.026241,0.026312,0.026289,0.026240,
0.026247,0.026230,0.026249,0.026255,0.026254,
0.026284,0.026240,0.026226,0.026264,0.026261,
0.026267,0.026229,0.026225,0.026233,0.026234,
0.026228,0.026295,0.026235,0.026237,0.026233,
0.026255,0.026232,0.026266,0.026230,0.026240,
0.026237,0.026291,0.026246,0.026262,0.026261,
0.026238,0.026227,0.026231,0.026239,0.026233,
0.026265,0.026246,0.026247,0.026234,0.026228,
0.026240,0.026231,0.026239,0.026238,0.026238,
0.026257,0.026244,0.026266,0.026256,0.026229,
0.026267,0.026233,0.026229,0.026262,0.026242,
0.026234,0.026232,0.026230,0.026280,0.026229,
0.026235,0.026232,0.026271,0.026241,0.026256,
0.026228,0.026235,0.026232,0.026227,0.026235,
0.026235,0.026242,0.026231,0.026225,0.026293,
0.026238,0.026226,0.026232,0.026238,0.026230,
0.026236,0.026275,0.026229,0.026233,0.026260,
0.026231,0.026263,0.026230,0.026231,0.026231,
0.026230,0.026263,0.026235,0.026246,0.026244,
0.026230,0.026248,0.026237,0.026239,0.026228,
0.026236,0.026231,0.026232,0.026226,0.026252,
0.026239,0.026268,0.026263,0.026264,0.026245,
0.026231,0.026227,0.026264,0.026227,0.026232,
0.026230,0.026235,0.026232,0.026237,0.026235,
0.026235,0.026292,0.026242,0.026229,0.026251,
0.026234,0.026231,0.026228,0.026251,0.026239,
0.026230,0.026230,0.026235,0.026243,0.026276,
0.026249,0.026244,0.026229,0.026241,0.026245,
0.026227,0.026270,0.026233,0.026257,0.026235,
0.026240,0.026234,0.026231,0.026225,0.026235,
0.026290,0.026279,0.026246,0.026232,0.026231,
0.026234,0.026226,0.026253,0.026246,0.026232,
0.026232,0.026266,0.026247,0.026231,0.026263,
0.026235,0.026228,0.026228,0.026234,0.026308,
0.026265,0.026244,0.026237,0.026268,0.026252,
0.026229,0.026233,0.026253,0.026228,0.026231,
0.026229,0.026262,0.026239,0.026280,0.026236,
0.026241,0.026231,0.026230,0.026256,0.026270,
0.026232,0.026227,0.026227,0.026242,0.026232,
0.026240,0.026225,0.026279,0.026270,0.026264,
0.026269,0.026232,0.026794,0.027294,0.026358,
0.026263,0.026235,0.026228,0.026239,0.026228,
0.026260,0.026249,0.026268,0.026237,0.026233,
0.026284,0.026245,0.026317,0.026245,0.026270,
0.026229,0.026231,0.026239,0.026243,0.026235,
0.026282,0.026271,0.026288,0.026248,0.026235,
0.026268,0.026265,0.026236,0.026262,0.026278,
0.026238,0.026275,0.026234,0.026242,0.026231,
0.026233,0.026253,0.026235,0.026228,0.026227,
0.026232,0.026282,0.026261,0.026231,0.026275,
0.026260,0.028047,0.026261,0.026255,0.026237,
0.026231,0.026245,0.026284,0.026273,0.026259,
0.026235,0.026239,0.026425,0.026228,0.026276,
0.026267,0.026235,0.026230,0.026233,0.026245,
0.026230,0.026243,0.026235,0.026235,0.026275,
0.026267,0.026238,0.026231,0.026235,0.026275,
0.026229,0.026237,0.026231,0.026229,0.026241,
0.026231,0.026231,0.026241,0.026269,0.026238,
0.026227,0.026245,0.026235,0.026225,0.026234,
0.026233,0.026227,0.026233,0.026234,0.026230,
0.026233,0.026226,0.026292,0.026235,0.026261,
0.026257,0.026234,0.026232,0.026244,0.026231,
0.026251,0.026264,0.026320,0.026232,0.026243,
0.026233,0.026232,0.026224,0.026234,0.026231,
0.026229,0.026229,0.026243,0.026226,0.026263,
0.026249,0.026274,0.026240,0.026228,0.026252,
0.026263,0.026225,0.026237,0.026226,0.026232,
0.026267,0.026248,0.026240,0.026231,0.026253,
0.026235,0.026260,0.026268,0.026239,0.026226,
0.026273,0.026232,0.026265,0.026245,0.026232,
0.026232,0.026243,0.026256,0.026229,0.026257,
0.026240,0.026233,0.026229,0.026240,0.026284,
0.026255,0.026232,0.026227,0.026235,0.026244,
0.026261,0.026236,0.026251,0.026242,0.026231,
0.026227,0.026238,0.026227,0.026228,0.026235,
0.026238,0.026228,0.026241,0.026223,0.026232,
0.026232,0.026259,0.026231,0.026233,0.026233,
0.026239,0.026235,0.026230,0.026273,0.026226,
0.026232,0.026241,0.026238,0.026261,0.026229,
0.026230,0.026232,0.026229,0.026235,0.026231,
0.026236,0.026275,0.026226,0.026257,0.026240,
0.026236,0.026244,0.026297,0.026238,0.026232,
0.026229,0.026260,0.026271,0.026256,0.026232,
0.026226,0.026226,0.026262,0.026231,0.026261,
0.026231,0.026261,0.026261,0.026276,0.026266,
0.026236,0.026303,0.026233,0.026253,0.026254,
0.026231,0.026262,0.026232,0.026228,0.026226,
0.026261,0.026269,0.026262,0.026239,0.026262,
0.026256,0.026244,0.026250,0.026298,0.026256,
0.026231,0.026233,0.026236,0.026228,0.026234,
0.026235,0.026232,0.026246,0.026227,0.026267,
0.026293,0.026231,0.026258,0.026255,0.026234,
0.026236,0.026227,0.026263,0.026243,0.026232,
0.026265,0.026230,0.026273,0.026261,0.026231,
0.026232,0.026227,0.026229,0.026233,0.026233,
0.026264,0.026278,0.026261,0.026235,0.026248,
0.026298,0.026235,0.026238,0.026230,0.026234,
0.026225,0.026227,0.026229,0.026224,0.026241,
0.026263,0.026232,0.026261,0.026232,0.026264,
0.026228,0.026278,0.026240,0.026228,0.026252,
0.026239,0.026236,0.026296,0.026251,0.026224,
0.026324,0.026244,0.026229,0.026235,0.026229,
0.026230,0.026227,0.026249,0.026251,0.026238,
0.026233,0.026231,0.026247,0.026280,0.026238,
0.026247,0.026237,0.026229,0.026233,0.026233,
0.026229,0.026235,0.026231,0.026250,0.026232,
0.026234,0.026229,0.026228,0.026226,0.026236,
0.026276,0.026231,0.026231,0.026234,0.026242,
0.026270,0.026252,0.026238,0.026238,0.026227,
0.026231,0.026272,0.026236,0.026239,0.026228,
0.026293,0.026235,0.026232,0.026274,0.026253,
0.026241,0.026240,0.026260,0.026247,0.026301,
0.026246,0.026227,0.026225,0.026230,0.026232,
0.026237,0.026271,0.026272,0.026229,0.026231,
0.026232,0.026232,0.026240,0.026253,0.026239,
0.026235,0.026231,0.026241,0.026231,0.026242,
0.026259,0.026226,0.026265,0.026249,0.026745,
0.026461,0.026233,0.026234,0.026230,0.026236,
0.026233,0.026230,0.026229,0.026277,0.026233,
0.026240,0.026272,0.026282,0.026289,0.026233,
0.026233,0.026229,0.026261,0.026247,0.026241,
0.026292,0.026239,0.026304,0.026252,0.026243,
0.026244,0.026234,0.026275,0.026231,0.026233,
0.026247,0.026233,0.026242,0.026259,0.026246,
0.026233,0.026225,0.026232,0.026231,0.026233,
0.026232,0.026230,0.026233,0.026234,0.026228,
0.026231,0.026272,0.026287,0.026235,0.026268,
0.026231,0.026240,0.026228,0.026231,0.026231,
0.026229,0.026234,0.026268,0.026256,0.026251,
0.026285,0.026241,0.026231,0.026232,0.026261,
0.026245,0.026232,0.026238,0.026273,0.026235,
0.026230,0.026257,0.026239,0.026228,0.026260,
0.026249,0.026264,0.026268,0.026243,0.026263,
0.026247,0.026227,0.026228,0.026232,0.026230,
0.026234,0.026237,0.026250,0.026264,0.026257,
0.026228,0.026233,0.026277,0.026233,0.026234,
0.026256,0.026274,0.026233,0.026264,0.026283,
0.026242,0.026233,0.026228,0.026232,0.026274,
0.026236,0.026246,0.026281,0.026277,0.026274,
0.026276,0.026251,0.026232,0.026258,0.026263,
0.026254,0.026231,0.026230,0.026239,0.026233,
0.026237,0.026228,0.026243,0.026242,0.026263,
0.026237,0.026274,0.026233,0.026233,0.026226,
0.026230,0.026238,0.026231,0.026243,0.026259,
0.026269,0.026234,0.026229,0.026229,0.026266,
0.026231,0.026272,0.026235,0.026226,0.026245,
0.026231,0.026229,0.026229,0.026232,0.026235,
0.026265,0.026263,0.026285,0.026250,0.026258,
0.026291,0.026261,0.026234,0.026236,0.026231,
0.026244,0.026229,0.026227,0.026234,0.026273,
0.026231,0.026260,0.026247,0.026230,0.026640,
0.027740,0.027755,0.027745,0.027558,0.026535,
0.026235,0.026227,0.026250,0.026235,0.026254,
0.026291,0.026238,0.026239,0.026273,0.026244,
0.026231,0.026244,0.026245,0.026262,0.026293,
0.026259,0.026251,0.026260,0.026234,0.026241,
0.026228,0.026242,0.026229,0.026238,0.026263,
0.026232,0.026232,0.026280,0.026302,0.026232,
0.026245,0.026245,0.026227,0.026241,0.026263,
0.026233,0.026265,0.026263,0.026268,0.026268,
0.026264,0.026233,0.026246,0.026239,0.026282,
0.026235,0.026265,0.026232,0.026239,0.026238,
0.026235,0.026231,0.026235,0.026232,0.026232,
0.026229,0.026231,0.026230,0.026232,0.026236,
0.026229,0.026243,0.026233,0.026235,0.026233,
0.026240,0.026286,0.026254,0.026249,0.026246,
0.026231,0.026232,0.026234,0.026228,0.026236,
0.026291,0.026256,0.026237,0.026230,0.026230,
0.026243,0.026228,0.026263,0.026229,0.026268,
0.026253,0.026230,0.026251,0.026283,0.026232,
0.026231,0.026242,0.026253,0.026233,0.026229,
0.026231,0.026235,0.026238,0.026228,0.026231,
0.026243,0.026274,0.026234,0.026249,0.026270,
0.026229,0.026238,0.026249,0.026242,0.026235,
0.026231,0.026232,0.026251,0.026250,0.026258,
0.026231,0.026231,0.026237,0.026290,0.026239,
0.026269,0.026224,0.026235,0.026319,0.026232,
0.026230,0.026252,0.026232,0.026244,0.026262,
0.026239,0.026240,0.026234,0.026241,0.026262,
0.026234,0.026230,0.026227,0.026246,0.026232,
0.026233,0.026243,0.026240,0.026254,0.026242,
0.026260,0.026231,0.026265,0.026255,0.026248,
0.026264,0.026279,0.026246,0.026225,0.026249,
0.026233,0.026229,0.026231,0.026228,0.026258,
0.026238,0.026230,0.026228,0.026229,0.026226,
0.026265,0.026241,0.026261,0.026233,0.026229,
0.026247,0.026292,0.026228,0.026232,0.026231,
0.026281,0.026259,0.026236,0.026265,0.026286,
0.026252,0.026281,0.026241,0.026284,0.026272,
0.026248,0.026278,0.026287,0.026274,0.026271,
0.026245,0.026291,0.026247,0.026232,0.026235,
0.026233,0.026264,0.026268,0.026242,0.026285,
0.026306,0.026233,0.026236,0.026232,0.026232,
0.026732,0.026565,0.026240,0.026252,0.026233,
0.026230,0.026230,0.026231,0.026238,0.026265,
0.026231,0.026228,0.026239,0.026321,0.026272,
0.026236,0.026231,0.026228,0.026228,0.026233,
0.026234,0.026226,0.026227,0.026226,0.026230,
0.026230,0.026225,0.026241,0.026239,0.026237,
0.026249,0.026251,0.026237,0.026233,0.026228,
0.026233,0.026242,0.026282,0.026236,0.026224,
0.026229,0.026229,0.026234,0.026257,0.026223,
0.026231,0.026226,0.026237,0.026232,0.026261,
0.026244,0.026291,0.026225,0.026260,0.026232,
0.026243,0.026250,0.026239,0.026229,0.026228,
0.026229,0.026351,0.026266,0.026238,0.026230,
0.026242,0.026225,0.026230,0.026256,0.026236,
0.026275,0.026233,0.026241,0.026259,0.026256,
0.026246,0.026230,0.026234,0.026263,0.026226,
0.026231,0.026243,0.026225,0.026236,0.026226,
0.026242,0.026268,0.026228,0.026283,0.026260,
0.026281,0.026287,0.026262,0.026248,0.026261,
0.026227,0.026263,0.026252,0.026228,0.026329,
0.026231,0.026244,0.026233,0.026235,0.026254,
0.026283,0.026230,0.026293,0.026311,0.026288,
0.026237,0.026228,0.026249,0.026238,0.026240,
0.026235,0.026238,0.026226,0.026229,0.026241,
0.026230,0.026235,0.026225,0.026236,0.026229,
0.026237,0.026264,0.026239,0.026227,0.026249,
0.026239,0.026228,0.026229,0.026268,0.026244,
0.026263,0.026230,0.026233,0.026254,0.026263,
0.026228,0.026235,0.026262,0.026226,0.026229,
0.026267,0.026234,0.026238,0.026228,0.026243,
0.026231,0.026223,0.026227,0.026228,0.026236,
0.026257,0.026277,0.026244,0.026254,0.026242,
0.026231,0.026238,0.026232,0.026228,0.026228,
0.026241,0.026245,0.026228,0.026261,0.026230,
0.026230,0.026233,0.026229,0.026234,0.026241,
0.026227,0.026230,0.028040,0.026238,0.026229,
0.026233,0.026228,0.026228,0.026234,0.026268,
0.026231,0.026262,0.026244,0.026226,0.026223,
0.026240,0.026259,0.026228,0.026233,0.026228,
0.026248,0.026233,0.026228,0.026232,0.026244,
0.026235,0.026238,0.026241,0.026282,0.026278,
0.026227,0.026253,0.026241,0.026230,0.026254,
0.026235,0.026232,0.026233,0.026230,0.026239,
0.026245,0.026286,0.026236,0.026227,0.026230,
0.026232,0.026234,0.026260,0.026233,0.026230,
0.026231,0.026232,0.026235,0.026236,0.026229,
0.026232,0.026261,0.026252,0.026236,0.026232,
0.026234,0.026236,0.026233,0.026232,0.026229,
0.026239,0.026232,0.026242,0.026233,0.026229,
0.026270,0.026229,0.026231,0.026248,0.026271,
0.026227,0.026329,0.026243,0.026258,0.026263,
0.026262,0.026262,0.026230,0.026260,0.026284,
0.026245,0.027305,0.026558,0.026247,0.026228,
0.026230,0.026230,0.026262,0.026236,0.026265,
0.026284,0.026259,0.026265,0.026301,0.026256,
0.026262,0.026273,0.026240,0.026263,0.026245,
0.026267,0.026290,0.026245,0.026248,0.026227,
0.026227,0.026237,0.026234,0.026227,0.026228,
0.026235,0.026257,0.026253,0.026245,0.026233,
0.026233,0.026227,0.026248,0.026295,0.026265,
0.026288,0.026243,0.026233,0.026242,0.026240,
0.026230,0.026233,0.026231,0.026253,0.026234,
0.026229,0.026237,0.026244,0.026255,0.026233,
0.026229,0.026228,0.026227,0.026266,0.026270,
0.026229,0.026245,0.026246,0.026231,0.026239,
0.026228,0.026231,0.026236,0.026227,0.026232,
0.026232,0.026227,0.026233,0.026229,0.026238,
0.026241,0.026228,0.026247,0.026264,0.026229,
0.026237,0.026262,0.026239,0.026234,0.026259,
0.026231,0.026291,0.026259,0.026233,0.026227,
0.026231,0.026229,0.026241,0.026233,0.026231,
0.026229,0.026243,0.026252,0.026231,0.026246,
0.026261,0.026244,0.026236,0.026234,0.026233,
0.026262,0.026230,0.026263,0.026266,0.026272,
0.026248,0.026260,0.026255,0.026229,0.026229,
0.026275,0.026267,0.026234,0.026234,0.026231,
0.026245,0.026232,0.026259,0.026235,0.026232,
0.026288,0.026233,0.026236,0.026236,0.026256,
0.026246,0.026234,0.026229,0.026229,0.026311,
0.026238,0.026235,0.026227,0.026262,0.026237,
0.026233,0.026233,0.026230,0.026283,0.026246,
0.026230,0.026266,0.026244,0.026247,0.026234,
0.026228,0.026230,0.026231,0.026244,0.026273,
0.026252,0.026241,0.026231,0.026229,0.026233,
0.026229,0.026263,0.026264,0.026234,0.026228,
0.026234,0.026230,0.026227,0.026243,0.026234,
0.026235,0.026238,0.026229,0.026253,0.026258,
0.026229,0.026239,0.026256,0.026233,0.026237,
0.026225,0.026240,0.026295,0.026231,0.026232,
0.026277,0.026253,0.026238,0.026225,0.026230,
0.026233,0.026236,0.026279,0.026232,0.026244,
0.026228,0.026248,0.026233,0.026267,0.026231,
0.026228,0.026239,0.026271,0.026230,0.026226,
0.026259,0.026244,0.026279,0.026233,0.026225,
0.026237,0.026245,0.026224,0.026231,0.026232,
0.026256,0.026235,0.026228,0.026231,0.026238,
0.026227,0.026232,0.026225,0.026233,0.026275,
0.026232,0.026235,0.026234,0.026222,0.026315,
0.026243,0.026263,0.026234,0.026235,0.026229,
0.026234,0.026228,0.026227,0.026257,0.026237,
0.026239,0.026226,0.026229,0.026230,0.026237,
0.026238,0.026231,0.026232,0.026228,0.026237,
0.026271,0.026235,0.026225,0.026259,0.026230,
0.026233,0.026234,0.026225,0.026426,0.026235,
0.026226,0.026259,0.026236,0.026233,0.026268,
0.026228,0.026234,0.026261,0.026244,0.026292,
0.026256,0.026271,0.026242,0.026230,0.026232,
0.026236,0.026226,0.026308,0.026260,0.026236,
0.026232,0.026235,0.026269,0.026266,0.026231,
0.026241,0.026230,0.026242,0.026232,0.026224,
0.026230,0.026234,0.026256,0.026244,0.026228,
0.026261,0.026330,0.026228,0.026276,0.026241,
0.026224,0.026253,0.026242,0.026235,0.026267,
0.026229,0.026677,0.026613,0.026288,0.026295,
0.026241,0.026227,0.026236,0.026226,0.026252,
0.026264,0.026242,0.026242,0.026242,0.026255,
0.026246,0.026251,0.026246,0.026241,0.026252,
0.026304,0.026234,0.026260,0.026255,0.026261,
0.026284,0.026246,0.026227,0.026232,0.026237,
0.026253,0.026233,0.026273,0.026251,0.026242,
0.026266,0.026232,0.026231,0.026228,0.026275,
0.026258,0.026270,0.026300,0.026229,0.026232,
0.026231,0.026224,0.026241,0.026238,0.026227,
0.026258,0.026233,0.026229,0.026235,0.026230,
0.026269,0.026236,0.026234,0.026240,0.026235,
0.026231,0.026229,0.026226,0.026234,0.026272,
0.026243,0.026257,0.026304,0.026239,0.026264,
0.026229,0.026233,0.026250,0.026233,0.026238,
0.026231,0.026232,0.026242,0.026250,0.026256,
0.026261,0.026237,0.026276,0.026233,0.026230,
0.026228,0.026257,0.026238,0.026226,0.026227,
0.026232,0.026265,0.026230,0.026226,0.026227,
0.026231,0.026230,0.026245,0.026230,0.026256,
0.026286,0.026234,0.026253,0.026281,0.026253,
0.026229,0.026231,0.026224,0.026232,0.026230,
0.026267,0.026238,0.026263,0.026231,0.026233,
0.026307,0.026268,0.026249,0.026233,0.026320,
0.026246,0.026239,0.026224,0.026224,0.026226,
0.026241,0.026262,0.026276,0.026234,0.026236,
0.026235,0.026227,0.026234,0.026242,0.026260,
0.026245,0.026236,0.026230,0.026263,0.026230,
0.026254,0.026274,0.026225,0.026301,0.026252,
0.026254,0.026251,0.026260,0.026245,0.026230,
0.026226,0.026269,0.026244,0.026266,0.026238,
0.026272,0.026277,0.026242,0.026228,0.026230,
0.026236,0.026250,0.026295,0.026285,0.026280,
0.026245,0.026228,0.026237,0.026228,0.026230,
0.026229,0.026237,0.026234,0.026238,0.026228,
0.026232,0.026264,0.026233,0.026233,0.026260,
0.026236,0.026236,0.026257,0.026235,0.026233,
0.026262,0.026233,0.026262,0.026248,0.026271,
0.026289,0.026234,0.026291,0.026257,0.026244,
0.026267,0.026237,0.026232,0.026226,0.026230,
0.026231,0.026229,0.026232,0.026234,0.026265,
0.026231,0.026236,0.026239,0.026230,0.026234,
0.026270,0.026239,0.026236,0.026230,0.026229,
0.026228,0.026227,0.026241,0.026278,0.026229,
0.026231,0.026235,0.026244,0.026234,0.026248,
0.026241,0.026232,0.026228,0.026228,0.026232,
0.026239,0.026241,0.026252,0.026257,0.026239,
0.026235,0.026236,0.026273,0.026236,0.026244,
0.026281,0.026239,0.026233,0.026231,0.026244,
0.026259,0.026255,0.026243,0.026226,0.026268,
0.026264,0.026228,0.026241,0.026287,0.026239,
0.026242,0.026245,0.026241,0.026297,0.026231,
0.026233,0.026235,0.026231,0.026238,0.026261,
0.026265,0.026238,0.026227,0.026250,0.026280,
0.026260,0.026249,0.026272,0.026241,0.026232,
0.026227,0.026301,0.026269,0.026262,0.026231,
0.026237,0.026261,0.026245,0.026228,0.026228,
0.026274,0.026228,0.026238,0.026258,0.026239,
0.026230,0.026231,0.026268,0.026238,0.026278,
0.026235,0.026285,0.026231,0.026256,0.026227,
0.026233,0.026234,0.026225,0.026232,0.026230,
0.026294,0.026258,0.026230,0.026269,0.026245,
0.026309,0.026245,0.026228,0.026235,0.026232,
0.026260,0.026235,0.026267,0.026274,0.026235,
0.026234,0.026242,0.026241,0.026240,0.026234,
0.026240,0.026241,0.026233,0.026227,0.026263,
0.026237,0.026278,0.026255,0.026238,0.026229,
0.026233,0.026254,0.026234,0.026236,0.026230,
0.026252,0.026253,0.026276,0.026231,0.026234,
0.026255,0.026246,0.026253,0.026260,0.026236,
0.026235,0.026266,0.026238,0.026298,0.026242,
0.026235,0.026294,0.026271,0.026240,0.026233,
0.026231,0.026247,0.026271,0.026239,0.026282,
0.026238,0.026228,0.026233,0.026229,0.026240,
0.026233,0.026249,0.026233,0.026228,0.026226,
0.026233,0.026227,0.026230,0.026247,0.026236,
0.026230,0.026261,0.026246,0.027736,0.026718,
0.026279,0.026242,0.026278,0.026233,0.026231,
0.026230,0.026264,0.026243,0.026233,0.026278,
0.026264,0.026241,0.026236,0.026234,0.026242,
0.026277,0.026277,0.026247,0.026221,0.026228,
0.026273,0.026266,0.026240,0.026237,0.026281,
0.026265,0.026226,0.026227,0.026230,0.026237,
0.026234,0.026261,0.026260,0.026267,0.026250,
0.026259,0.026275,0.026241,0.026231,0.026238,
0.026259,0.026228,0.026253,0.026237,0.026227,
0.026229,0.026230,0.026237,0.026242,0.026272,
0.026263,0.026240,0.026262,0.026233,0.026231,
0.026263,0.026231,0.026237,0.026230,0.026228,
0.026243,0.026232,0.026261,0.026373,0.026240,
0.026248,0.026231,0.026231,0.026243,0.026230,
0.026228,0.026227,0.026254,0.027114,0.026711,
0.026249,0.026257,0.026228,0.026233,0.026268,
0.026230,0.026230,0.026230,0.026230,0.026234,
0.026257,0.026233,0.026252,0.026233,0.026265,
0.026236,0.026263,0.026239,0.026234,0.026228,
0.026228,0.026226,0.026232,0.026267,0.026227,
0.026237,0.026237,0.026258,0.026232,0.026226,
0.026233,0.026228,0.026227,0.026232,0.026270,
0.026275,0.026289,0.026244,0.026268,0.026234,
0.026224,0.026269,0.026281,0.026233,0.026226,
0.026219,0.026263,0.026256,0.026249,0.026229,
0.026237,0.026231,0.026261,0.026304,0.026237,
0.026229,0.026269,0.026229,0.026256,0.026235,
0.026231,0.026236,0.026269,0.026232,0.026244,
0.026244,0.026230,0.026230,0.026230,0.026226,
0.026234,0.026230,0.026264,0.026256,0.026232,
0.026247,0.026242,0.026228,0.026234,0.026239,
0.026237,0.026273,0.026231,0.026263,0.026247,
0.026230,0.026232,0.026258,0.026239,0.026233,
0.026237,0.026229,0.026262,0.026228,0.026229,
0.026244,0.026227,0.026229,0.026228,0.026246,
0.026261,0.026228,0.026240,0.026236,0.026249,
0.026250,0.026229,0.026243,0.026233,0.026223,
0.026233,0.026264,0.026251,0.026253,0.026239,
0.026289,0.026237,0.026229,0.026291,0.026277,
0.026285,0.026235,0.026223,0.026235,0.026234,
0.026224,0.026236,0.026237,0.026231,0.026261,
0.026244,0.026322,0.026232,0.026238,0.026234,
0.026236,0.026261,0.026252,0.026235,0.026261,
0.026294,0.026258,0.026233,0.026263,0.026231,
0.026240,0.026228,0.026234,0.026229,0.026227,
0.026231,0.026247,0.026239,0.026237,0.026258,
0.026261,0.026232,0.026245,0.026232,0.026229,
0.026227,0.026229,0.026224,0.026229,0.026269,
0.026239,0.026228,0.026222,0.026245,0.026231,
0.026232,0.026243,0.026233,0.026259,0.026236,
0.026232,0.026252,0.026252,0.026263,0.026269,
0.026288,0.026229,0.026233,0.026236,0.026235,
0.026233,0.026252,0.026281,0.026276,0.026253,
0.026243,0.026256,0.026256,0.026286,0.026226,
0.026261,0.026241,0.026225,0.026235,0.026227,
0.026233,0.026238,0.026252,0.026241,0.026233,
0.026271,0.026235,0.026226,0.026233,0.026242,
0.026234,0.026229,0.026234,0.026236,0.026230,
0.026235,0.026259,0.026232,0.026257,0.026239,
0.026227,0.026238,0.026232,0.026263,0.026243,
0.026259,0.026294,0.026236,0.026248,0.026241,
0.026231,0.026228,0.026233,0.026235,0.026257,
0.026230,0.026230,0.026231,0.026229,0.026230,
0.026233,0.026278,0.026227,0.026230,0.026240,
0.026233,0.026232,0.026233,0.026232,0.026227,
0.026236,0.026234,0.026241,0.026223,0.026280,
0.026228,0.026231,0.026253,0.026230,0.026229,
0.026233,0.026232,0.026237,0.026228,0.026233,
0.026284,0.026246,0.026237,0.026231,0.026228,
0.026238,0.026226,0.026261,0.026230,0.026328,
0.026233,0.026228,0.026234,0.026234,0.026233,
0.026234,0.026238,0.026265,0.026232,0.026230,
0.026255,0.026232,0.026226,0.026227,0.026228,
0.026231,0.026237,0.026229,0.026284,0.026232,
0.026267,0.026234,0.026245,0.026230,0.026235,
0.026234,0.026229,0.026234,0.026236,0.026241,
0.026241,0.026228,0.026235,0.026238,0.026229,
0.026230,0.026260,0.026234,0.026235,0.026224,
0.026231,0.026235,0.026284,0.026259,0.026229,
0.026243,0.026275,0.026252,0.026229,0.026242,
0.026227,0.026231,0.026227,0.026248,0.026238,
0.026237,0.026232,0.026266,0.026238,0.026256,
0.026233,0.026236,0.026232,0.026228,0.026232,
0.026232,0.026227,0.026271,0.026305,0.026237,
0.026231,0.026233,0.026232,0.026226,0.026253,
0.026229,0.026270,0.026234,0.026232,0.026221,
0.026237,0.026226,0.026238,0.026252,0.026238,
0.026231,0.026236,0.026238,0.026230,0.026227,
0.026236,0.026240,0.026225,0.026232,0.026292,
0.026236,0.026234,0.026275,0.026234,0.026232,
0.026228,0.026230,0.026241,0.026232,0.026228,
0.026892,0.026396,0.026237,0.026241,0.026233,
0.026231,0.026227,0.026235,0.026263,0.026233,
0.026230,0.026231,0.026230,0.026243,0.026229,
0.026237,0.026291,0.026234,0.026235,0.026228,
0.026245,0.026235,0.026230,0.026236,0.026244,
0.026231,0.026227,0.026271,0.026271,0.026257,
0.026281,0.026251,0.026231,0.026229,0.026233,
0.026232,0.026241,0.026309,0.026237,0.026281,
0.026255,0.026235,0.026229,0.026241,0.026230,
0.026252,0.026239,0.026234,0.026231,0.026225,
0.026229,0.026238,0.026235,0.026228,0.026238,
0.026297,0.026241,0.026224,0.026238,0.026229,
0.026231,0.026230,0.026260,0.026229,0.026241,
0.026310,0.026243,0.026223,0.026252,0.026263,
0.026237,0.026229,0.026229,0.026226,0.026231,
0.026228,0.026236,0.026256,0.026226,0.026231,
0.026234,0.026223,0.026236,0.026251,0.026287,
0.026294,0.026232,0.026230,0.026230,0.026234,
0.026232,0.026226,0.026229,0.026275,0.026224,
0.026238,0.026238,0.026234,0.026228,0.026229,
0.026244,0.026238,0.026226,0.026233,0.026261,
0.026235,0.026234,0.026255,0.026244,0.026266,
0.026234,0.026230,0.026226,0.026232,0.026230,
0.026316,0.026235,0.026267,0.026230,0.026235,
0.026227,0.026271,0.026263,0.026240,0.026263,
0.026236,0.026225,0.026235,0.026231,0.026227,
0.026230,0.026254,0.026265,0.026273,0.026252,
0.026233,0.026256,0.026237,0.026241,0.026227,
0.026228,0.026225,0.026230,0.026231,0.026226,
0.026239,0.026276,0.026241,0.026292,0.026234,
0.026232,0.026232,0.026259,0.026245,0.026255,
0.026280,0.026254,0.026228,0.026229,0.026233,
0.026227,0.026257,0.026241,0.026229,0.026232,
0.026235,0.026245,0.026231,0.026227,0.026243,
0.026259,0.026227,0.026228,0.026244,0.026265,
0.026240,0.026239,0.026228,0.026231,0.026296,
0.026273,0.026265,0.026232,0.026233,0.026272,
0.026233,0.026232,0.026228,0.026229,0.026228,
0.026228,0.026244,0.026270,0.026258,0.026234,
0.026238,0.026286,0.026229,0.026227,0.026267,
0.026226,0.026237,0.026229,0.026232,0.026246,
0.026232,0.026224,0.026246,0.026230,0.026264,
0.026231,0.026240,0.026234,0.026233,0.026229,
0.026235,0.026228,0.026274,0.026251,0.026225,
0.026234,0.026232,0.026259,0.026246,0.026229,
0.026232,0.026266,0.026299,0.026239,0.026240,
0.026241,0.026231,0.026231,0.026230,0.026243,
0.026225,0.026233,0.026249,0.026260,0.026234,
0.026230,0.026230,0.026243,0.026228,0.026230,
0.026241,0.026246,0.026250,0.026232,0.026236,
0.026231,0.026257,0.026235,0.026239,0.026227,
0.026236,0.026225,0.026240,0.026272,0.026220,
0.026237,0.026259,0.026245,0.026244,0.026265,
0.026230,0.026229,0.026228,0.026277,0.026270,
0.026257,0.026231,0.026234,0.026254,0.026246,
0.026282,0.026266,0.026235,0.026226,0.026231,
0.026237,0.026248,0.026230,0.026228,0.026231,
0.026232,0.026277,0.026241,0.026230,0.026232,
0.026233,0.026231,0.026230,0.026230,0.026226,
0.026229,0.026224,0.026226,0.026234,0.026234,
0.026232,0.026224,0.026232,0.026228,0.026228,
0.026270,0.026255,0.026228,0.026243,0.026227,
0.026236,0.026229,0.026226,0.026232,0.026237,
0.026261,0.026234,0.026228,0.026240,0.026235,
0.026230,0.026237,0.026296,0.026288,0.026234,
0.026271,0.026236,0.026232,0.026227,0.026242,
0.026229,0.026229,0.026231,0.026229,0.026249,
0.026259,0.026237,0.026241,0.026280,0.026250,
0.026242,0.026230,0.026250,0.026258,0.026282,
0.026268,0.026252,0.026262,0.026232,0.026225,
0.026259,0.026237,0.026248,0.026247,0.026230,
0.026228,0.026258,0.026275,0.026236,0.026274,
0.026227,0.026288,0.026249,0.026254,0.026264,
0.026264,0.026233,0.026235,0.026226,0.026229,
0.026320,0.026232,0.026249,0.026236,0.026228,
0.026249,0.026246,0.026231,0.026239,0.026231,
0.026232,0.027314,0.026457,0.026231,0.026261,
0.026233,0.026232,0.026225,0.026283,0.026268,
0.026242,0.026231,0.026260,0.026234,0.026244,
0.026233,0.026231,0.026265,0.026239,0.026244,
0.026277,0.026256,0.026248,0.026227,0.026235,
0.026247,0.026234,0.026233,0.026231,0.026242,
0.026237,0.026258,0.026236,0.026249,0.026283,
0.026291,0.026244,0.026255,0.026309,0.026225,
0.026261,0.026262,0.026236,0.026237,0.026260,
0.026243,0.026242,0.026226,0.026239,0.026282,
0.026237,0.026231,0.026237,0.026231,0.026265,
0.026232,0.026229,0.026232,0.026229,0.026263,
0.026245,0.026227,0.026234,0.026241,0.026235,
0.026234,0.026232,0.026233,0.026226,0.026228,
0.026229,0.026233,0.026228,0.026267,0.026225,
0.026236,0.026228,0.026235,0.026231,0.026244,
0.026232,0.026236,0.026228,0.026267,0.026228,
0.026288,0.026245,0.026263,0.026263,0.026266,
0.026240,0.026238,0.026229,0.026232,0.026296,
0.026374,0.026267,0.026255,0.026262,0.026272,
0.026229,0.026244,0.026236,0.026228,0.026231,
0.026235,0.026225,0.026232,0.026245,0.026241,
0.026235,0.026260,0.026231,0.026230,0.026229,
0.026234,0.026230,0.026242,0.026231,0.026233,
0.026266,0.026269,0.026233,0.026235,0.026240,
0.026233,0.026268,0.026235,0.026240,0.026234,
0.026230,0.026229,0.026236,0.026301,0.026260,
0.026252,0.026262,0.026233,0.026262,0.026239,
0.026232,0.026230,0.026285,0.026232,0.026300,
0.026243,0.026258,0.026272,0.026231,0.026270,
0.026274,0.026231,0.026226,0.026237,0.026237,
0.026245,0.026230,0.026232,0.026231,0.026227,
0.026228,0.026229,0.026228,0.026230,0.026232,
0.026229,0.026259,0.026237,0.026232,0.026229,
0.026236,0.026229,0.026229,0.027894,0.026291,
0.026235,0.026230,0.026236,0.026235,0.026240,
0.026271,0.026252,0.026226,0.026226,0.026226,
0.026266,0.026225,0.026228,0.026261,0.026229,
0.026233,0.026233,0.026231,0.026242,0.026262,
0.026316,0.026254,0.026251,0.026246,0.026234,
0.026246,0.026276,0.026265,0.026268,0.026238,
0.026242,0.026274,0.026232,0.026234,0.026235,
0.026227,0.026231,0.026242,0.026265,0.026234,
0.026266,0.026231,0.026234,0.026247,0.026263,
0.026234,0.026249,0.026265,0.026236,0.026263,
0.026276,0.026264,0.026231,0.026307,0.026233,
0.026260,0.026254,0.026234,0.026245,0.026236,
0.026252,0.026279,0.026254,0.026243,0.026231,
0.026260,0.026285,0.026230,0.026251,0.026265,
0.026228,0.026241,0.026249,0.026229,0.026234,
0.026262,0.026243,0.026233,0.026240,0.026232,
0.026231,0.026231,0.026237,0.026231,0.026234,
0.026235,0.026264,0.026245,0.026231,0.026225,
0.026297,0.026228,0.026233,0.026226,0.026251,
0.026230,0.026231,0.026228,0.026263,0.026258,
0.026255,0.026306,0.026234,0.026262,0.026265,
0.026266,0.026252,0.026229,0.026228,0.026232,
0.026230,0.026247,0.026232,0.026228,0.026249,
0.026272,0.026232,0.026241,0.026252,0.026275,
0.026250,0.026368,0.026262,0.026228,0.026231,
0.026242,0.026235,0.026234,0.026267,0.026230,
0.026236,0.026239,0.026253,0.026237,0.026230,
0.026270,0.026236,0.026226,0.026241,0.026261,
0.026262,0.026289,0.026237,0.026253,0.026295,
0.026241,0.026253,0.026241,0.026297,0.026246,
0.026233,0.026231,0.026275,0.026233,0.026257,
0.026231,0.026232,0.026269,0.026233,0.026232,
0.026238,0.026244,0.026252,0.026291,0.026236,
0.026282,0.026263,0.026244,0.026232,0.026255,
0.026240,0.026278,0.026233,0.026236,0.026228,
0.026261,0.026285,0.026230,0.026234,0.026224,
0.026231,0.026229,0.026259,0.026229,0.026233,
0.026235,0.026237,0.026227,0.026228,0.026227,
0.026237,0.026253,0.026244,0.026261,0.026240,
0.026258,0.026301,0.026244,0.026230,0.026228,
0.026241,0.026223,0.026234,0.026229,0.026230,
0.026280,0.026226,0.026698,0.026568,0.026240,
0.026232,0.026263,0.026238,0.026229,0.026272,
0.026233,0.026245,0.026230,0.026251,0.026231,
0.026240,0.026261,0.026231,0.026240,0.026235,
0.026225,0.026232,0.026228,0.026243,0.026297,
0.026235,0.026247,0.026235,0.026229,0.026253,
0.026232,0.026231,0.026229,0.026227,0.026232,
0.026262,0.026229,0.026231,0.026275,0.026260,
0.026276,0.026255,0.026243,0.026262,0.026223,
0.026229,0.026287,0.026262,0.026265,0.026238,
0.026274,0.026252,0.026225,0.026248,0.026244,
0.026252,0.026242,0.026228,0.026233,0.026231,
0.026223,0.026249,0.026228,0.026265,0.026243,
0.026222,0.026264,0.026296,0.026237,0.026269,
0.026264,0.026236,0.026267,0.026254,0.026257,
0.026231,0.026227,0.026256,0.026226,0.026249,
0.026299,0.026250,0.026243,0.026233,0.026225,
0.026229,0.026290,0.026252,0.026230,0.026261,
0.026262,0.026249,0.026236,0.026253,0.026231,
0.026275,0.026270,0.026245,0.026258,0.026235,
0.026255,0.026286,0.026263,0.026240,0.026274,
0.026270,0.026264,0.026271,0.026279,0.026267,
0.026258,0.026238,0.026268,0.026264,0.026243,
0.026262,0.026231,0.026948,0.026402,0.026282,
0.026270,0.026233,0.026266,0.026270,0.026250,
0.026257,0.026232,0.026256,0.026237,0.026238,
0.026264,0.026246,0.026226,0.026241,0.026287,
0.026241,0.026258,0.026223,0.026244,0.026234,
0.026273,0.026237,0.026230,0.026227,0.026227,
0.026224,0.026226,0.026253,0.026243,0.026262,
0.026230,0.026260,0.026233,0.026246,0.026245,
0.026246,0.026269,0.026286,0.026236,0.026264,
0.026228,0.026225,0.026228,0.026273,0.026242,
0.026229,0.026234,0.026238,0.026233,0.026259,
0.026253,0.026260,0.026227,0.026228,0.026233,
0.026232,0.026292,0.026274,0.026294,0.026253,
0.026239,0.026288,0.026277,0.026228,0.026237,
0.026223,0.026230,0.026231,0.026231,0.026261,
0.026228,0.026229,0.026262,0.026229,0.026266,
0.026262,0.026245,0.026238,0.026240,0.026263,
0.026268,0.026292,0.026252,0.026233,0.026227,
0.026241,0.026235,0.026250,0.026236,0.026237,
0.026228,0.026239,0.026256,0.026239,0.026262,
0.026250,0.026250,0.026246,0.026264,0.026293,
0.026281,0.026247,0.026272,0.026265,0.026242,
0.026234,0.026260,0.026232,0.026227,0.026287,
0.026267,0.026259,0.026244,0.026262,0.026242,
0.026233,0.026225,0.026256,0.026298,0.026235,
0.026266,0.026227,0.026239,0.026269,0.026230,
0.026232,0.026264,0.026230,0.026233,0.026228,
0.026233,0.026264,0.026241,0.026264,0.026269,
0.026235,0.026233,0.026256,0.026229,0.026237,
0.026269,0.026272,0.026262,0.026261,0.026242,
0.026248,0.026246,0.026232,0.026224,0.026270,
0.026264,0.026260,0.026266,0.026228,0.026262,
0.026241,0.026279,0.026278,0.026267,0.026224,
0.026240,0.026290,0.026248,0.026228,0.026247,
0.026265,0.026236,0.026227,0.026232,0.026226,
0.026285,0.026266,0.026238,0.026272,0.026249,
0.026230,0.026232,0.026228,0.026232,0.026230,
0.026242,0.026249,0.026275,0.026228,0.026233,
0.026232,0.026234,0.026262,0.026470,0.026255,
0.026288,0.026231,0.026233,0.026258,0.026230,
0.026232,0.026230,0.026234,0.026231,0.026222,
0.026273,0.026229,0.026230,0.026258,0.026293,
0.026275,0.026230,0.026227,0.026228,0.026245,
0.026244,0.026265,0.026233,0.026228,0.026235,
0.026269,0.026255,0.026223,0.026245,0.026256,
0.026231,0.026231,0.026271,0.026245,0.026230,
0.026247,0.026257,0.026272,0.026258,0.026238,
0.026265,0.026228,0.026226,0.026248,0.026279,
0.026293,0.026237,0.026245,0.026245,0.026230,
0.026231,0.026272,0.026231,0.026228,0.026223,
0.026239,0.026280,0.026270,0.026231,0.026234,
0.026272,0.026265,0.026327,0.026281,0.027436,
0.026290,0.026247,0.026236,0.026228,0.026231,
0.026273,0.026232,0.026248,0.026228,0.026272,
0.026282,0.026249,0.026234,0.026298,0.026233,
0.026234,0.026228,0.026244,0.026261,0.026265,
0.026240,0.026244,0.026229,0.026235,0.026227,
0.026267,0.026265,0.026237,0.026233,0.026242,
0.026290,0.026238,0.026243,0.026283,0.026292,
0.026229,0.026256,0.026232,0.026229,0.026241,
0.026231,0.026238,0.026231,0.026228,0.026287,
0.026257,0.026232,0.026281,0.026249,0.026284,
0.026241,0.026250,0.026279,0.026239,0.026237,
0.026254,0.026233,0.026307,0.026232,0.026243,
0.026269,0.026241,0.026252,0.026273,0.026252,
0.026239,0.026227,0.026226,0.026241,0.026255,
0.026262,0.026260,0.026259,0.026239,0.026231,
0.026227,0.026229,0.026235,0.026260,0.026232,
0.026229,0.026240,0.026251,0.026243,0.026230,
0.026249,0.026288,0.026270,0.026234,0.026262,
0.026236,0.026227,0.026295,0.026268,0.026226,
0.026277,0.026226,0.026268,0.026239,0.026227,
0.026241,0.026255,0.026241,0.026229,0.026251,
0.026257,0.026264,0.026228,0.026240,0.026239,
0.026250,0.026267,0.026228,0.027181,0.027186,
0.026313,0.026243,0.026237,0.026259,0.026234,
0.026270,0.026298,0.026243,0.026247,0.026271,
0.026249,0.026249,0.026251,0.026236,0.026231,
0.026233,0.026241,0.026282,0.026292,0.026253,
0.026241,0.026231,0.026225,0.026233,0.026283,
0.026292,0.026240,0.026223,0.026262,0.026242,
0.026233,0.026241,0.026256,0.026231,0.026303,
0.026248,0.026256,0.026229,0.026230,0.026232,
0.026227,0.026233,0.026233,0.026266,0.026231,
0.026230,0.026263,0.026275,0.026241,0.026230,
0.026264,0.026239,0.026236,0.026228,0.026266,
0.026231,0.026227,0.026229,0.026242,0.026237,
0.026259,0.026234,0.026250,0.026273,0.026233,
0.026231,0.026249,0.026251,0.026233,0.026231,
0.026282,0.026251,0.026315,0.026254,0.026270,
0.026228,0.026228,0.026241,0.026236,0.026239,
0.026227,0.026232,0.026240,0.026236,0.026243,
0.026263,0.026285,0.026276,0.026239,0.026231,
0.026236,0.026225,0.026240,0.026233,0.026285,
0.026268,0.026239,0.026234,0.026232,0.026234,
0.026231,0.026262,0.026261,0.026271,0.026244,
0.026236,0.026246,0.026227,0.026234,0.026229,
0.026228,0.026254,0.026222,0.026235,0.026226,
0.026234,0.026230,0.026237,0.026226,0.026234,
0.026279,0.026234,0.026240,0.026265,0.026289,
0.026235,0.026227,0.026236,0.026239,0.026231,
0.026262,0.026229,0.026230,0.026228,0.026232,
0.026235,0.026229,0.026228,0.026230,0.026224,
0.026262,0.026234,0.026235,0.026261,0.026241,
0.026241,0.026234,0.026224,0.026282,0.026232,
0.026226,0.026227,0.026232,0.026244,0.026243,
0.026228,0.026240,0.026232,0.026234,0.026271,
0.026236,0.026232,0.026242,0.026267,0.026255,
0.026231,0.026259,0.026303,0.026278,0.026236,
0.026286,0.026274,0.026264,0.026234,0.026228,
0.026229,0.026250,0.026231,0.026267,0.026231,
0.026237,0.026238,0.026241,0.026242,0.026228,
0.026230,0.026285,0.026238,0.026273,0.026236,
0.026227,0.026246,0.026238,0.027877,0.026267,
0.026237,0.026224,0.026241,0.026270,0.026235,
0.026231,0.026275,0.026231,0.026260,0.026233,
0.026283,0.026250,0.026229,0.026230,0.026229,
0.026240,0.026235,0.026230,0.026240,0.026232,
0.026316,0.026237,0.026263,0.026267,0.026227,
0.026244,0.026245,0.026237,0.026273,0.026229,
0.026264,0.026281,0.026231,0.026226,0.026244,
0.026234,0.026251,0.026257,0.026335,0.026231,
0.026230,0.026262,0.026244,0.026230,0.026245,
0.026241,0.026257,0.026233,0.026227,0.026239,
0.026236,0.026225,0.026242,0.026255,0.026242,
0.026264,0.026270,0.026233,0.026238,0.026235,
0.026254,0.026262,0.026243,0.026242,0.026244,
0.026231,0.026235,0.026272,0.026260,0.026271,
0.026240,0.026230,0.026255,0.026232,0.026237,
0.026230,0.026233,0.026232,0.026226,0.026244,
0.026245,0.026259,0.026254,0.026263,0.026234,
0.026232,0.026229,0.026226,0.026228,0.026228,
0.026231,0.026229,0.026241,0.026261,0.026228,
0.026249,0.026240,0.026228,0.026240,0.026273,
0.026230,0.026242,0.026232,0.026240,0.026228,
0.026228,0.026228,0.026281,0.026241,0.026230,
0.026235,0.026235,0.026228,0.026230,0.026231,
0.026299,0.026234,0.026228,0.026265,0.026233,
0.026246,0.026276,0.026235,0.026228,0.026243,
0.026230,0.026227,0.026231,0.026232,0.026250,
0.026240,0.026228,0.026257,0.026246,0.026224,
0.026237,0.026234,0.026227,0.026261,0.026226,
0.026247,0.026242,0.026228,0.026230,0.026291,
0.026227,0.026272,0.026228,0.026241,0.026233,
0.026222,0.026229,0.026229,0.026231,0.026230,
0.026227,0.026230,0.026242,0.026268,0.026251,
0.026240,0.026232,0.026241,0.026299,0.026233,
0.026241,0.026229,0.026228,0.026237,0.026233,
0.026230,0.026241,0.026229,0.026232,0.026225,
0.026249,0.026238,0.026229,0.026243,0.026227,
0.026230,0.026229,0.026229,0.026247,0.026240,
0.026775,0.026441,0.026238,0.026248,0.026230,
0.026228,0.026233,0.026228,0.026228,0.026231,
0.026270,0.026276,0.026236,0.026263,0.026245,
0.026230,0.026271,0.026235,0.026231,0.026233,
0.026231,0.026255,0.026234,0.026251,0.026237,
0.026300,0.026246,0.026227,0.026234,0.026226,
0.026252,0.026255,0.026238,0.026229,0.026223,
0.026234,0.026231,0.026224,0.026261,0.026239,
0.026228,0.026229,0.026231,0.026230,0.026231,
0.026256,0.026237,0.026233,0.026231,0.026230,
0.026243,0.026265,0.026236,0.026226,0.026264,
0.026229,0.026234,0.026232,0.026224,0.026237,
0.026236,0.026221,0.026243,0.026225,0.026238,
0.026234,0.026227,0.026282,0.026248,0.026242,
0.026236,0.026228,0.026231,0.026294,0.026237,
0.026270,0.026247,0.026237,0.026232,0.026229,
0.026232,0.026232,0.026227,0.026239,0.026231,
0.026240,0.026252,0.026225,0.026260,0.026231,
0.026275,0.026227,0.026227,0.026240,0.026234,
0.026229,0.026230,0.026242,0.026253,0.026234,
0.026272,0.026231,0.026230,0.026229,0.026230,
0.026233,0.026248,0.026239,0.026233,0.026227,
0.026265,0.026286,0.026229,0.026237,0.026230,
0.026260,0.026234,0.026236,0.026249,0.026226,
0.026250,0.026308,0.026227,0.026233,0.026231,
0.026230,0.026241,0.026226,0.026258,0.026229,
0.026239,0.026243,0.026228,0.026232,0.026233,
0.026241,0.026236,0.026231,0.026241,0.026233,
0.026229,0.026229,0.026239,0.026225,0.026262,
0.026236,0.026240,0.026232,0.026234,0.026227,
0.026227,0.026231,0.026275,0.026234,0.026228,
0.026236,0.026230,0.026228,0.026232,0.026232,
0.026229,0.026240,0.026264,0.026281,0.026256,
0.026234,0.026242,0.026244,0.026295,0.026250,
0.026231,0.026233,0.026235,0.026238,0.026231,
0.026267,0.026250,0.026254,0.026228,0.026234,
0.026230,0.026230,0.026230,0.026278,0.026246,
0.026231,0.026235,0.026234,0.026229,0.026225,
0.026230,0.026237,0.026260,0.026233,0.026231,
0.026231,0.026235,0.026225,0.026232,0.026227,
0.026233,0.026237,0.026239,0.026232,0.026225,
0.026259,0.026229,0.026235,0.026230,0.026233,
0.026224,0.026240,0.026231,0.026233,0.026230,
0.026228,0.026305,0.026240,0.026225,0.026230,
0.026240,0.026267,0.026249,0.026227,0.026232,
0.026233,0.026229,0.026230,0.026233,0.026265,
0.026235,0.026230,0.026227,0.026227,0.026232,
0.026228,0.026225,0.026230,0.026236,0.026228,
0.026237,0.026241,0.026227,0.026260,0.026229,
0.026236,0.026235,0.026226,0.026228,0.026225,
0.026236,0.026235,0.026391,0.026266,0.026236,
0.026251,0.026230,0.026266,0.026236,0.026252,
0.026266,0.026233,0.026235,0.026292,0.026272,
0.026235,0.027432,0.026428,0.026257,0.026252,
0.026231,0.026226,0.026229,0.026236,0.026226,
0.026230,0.026235,0.026233,0.026236,0.026254,
0.026235,0.026249,0.026261,0.026234,0.026230,
0.026235,0.026238,0.026228,0.026241,0.026240,
0.026226,0.026242,0.026230,0.026225,0.026235,
0.026253,0.026255,0.026239,0.026278,0.026234,
0.026228,0.026223,0.026233,0.026229,0.026228,
0.026233,0.026257,0.026236,0.026238,0.026229,
0.026234,0.026307,0.026242,0.026230,0.026233,
0.026235,0.026229,0.026273,0.026237,0.026228,
0.026295,0.026261,0.026233,0.026260,0.026245,
0.026230,0.026246,0.026249,0.026265,0.026297,
0.026254,0.026233,0.026225,0.026239,0.026298,
0.026234,0.026272,0.026246,0.026228,0.026230,
0.026268,0.026230,0.026235,0.026255,0.026246,
0.026261,0.026235,0.026236,0.026228,0.026229,
0.026236,0.026226,0.026237,0.026233,0.026229,
0.026244,0.026232,0.026231,0.026241,0.026308,
0.026234,0.026233,0.026230,0.026232,0.026232,
0.026224,0.026228,0.026231,0.026233,0.026229,
0.026223,0.026264,0.026233,0.026225,0.026253,
0.026261,0.026235,0.026228,0.026224,0.026227,
0.026228,0.026224,0.026258,0.026232,0.026233,
0.026229,0.026226,0.026227,0.026240,0.026229,
0.026241,0.026229,0.026240,0.026246,0.026279,
0.026234,0.026256,0.026273,0.026236,0.026266,
0.026244,0.026266,0.026277,0.026234,0.026232,
0.026256,0.026303,0.026275,0.026232,0.026227,
0.026226,0.026229,0.026232,0.026275,0.026235,
0.026231,0.026297,0.026230,0.026245,0.026230,
0.026272,0.026233,0.026264,0.026227,0.026235,
0.026233,0.026236,0.026232,0.026242,0.026230,
0.026233,0.026242,0.026235,0.026228,0.026226,
0.026260,0.026271,0.026229,0.026230,0.026227,
0.026244,0.026236,0.026223,0.026231,0.026230,
0.026236,0.026236,0.026228,0.026230,0.026234,
0.026227,0.026272,0.026253,0.026238,0.026309,
0.026271,0.026229,0.026234,0.026228,0.026236,
0.026271,0.026244,0.026234,0.026229,0.026236,
0.026237,0.026230,0.026261,0.026232,0.026248,
0.026252,0.026251,0.026231,0.026232,0.026260,
0.026234,0.026226,0.026230,0.026238,0.026234,
0.026232,0.026238,0.026277,0.026230,0.026253,
0.026227,0.026231,0.026229,0.026233,0.026244,
0.026269,0.026234,0.026224,0.026233,0.026235,
0.026230,0.026225,0.026239,0.026229,0.026261,
0.026259,0.026250,0.026283,0.026230,0.026252,
0.026247,0.026266,0.026236,0.026239,0.026226,
0.026232,0.026254,0.026279,0.026244,0.026231,
0.026229,0.026236,0.026233,0.026229,0.026246,
0.026230,0.026229,0.026224,0.026238,0.026227,
0.026230,0.026231,0.026251,0.026257,0.026245,
0.026230,0.026235,0.026231,0.026241,0.026231,
0.026229,0.026261,0.026232,0.026228,0.026232,
0.026228,0.026230,0.026242,0.026227,0.026236,
0.026229,0.026244,0.026261,0.026234,0.026286,
0.026246,0.026259,0.026242,0.026227,0.026236,
0.026235,0.026231,0.026229,0.026241,0.026261,
0.026248,0.026277,0.026229,0.026238,0.026232,
0.026251,0.026236,0.026247,0.026290,0.026230,
0.026229,0.026255,0.026233,0.026244,0.026231,
0.026227,0.026283,0.026230,0.026227,0.026229,
0.026231,0.026234,0.026231,0.026230,0.026239,
0.026231,0.026234,0.026233,0.026238,0.026255,
0.026231,0.026229,0.026239,0.026239,0.026228,
0.026233,0.026226,0.026298,0.026264,0.026246,
0.026232,0.026235,0.026229,0.026243,0.026243,
0.026265,0.026234,0.026223,0.026228,0.026226,
0.026233,0.026234,0.026225,0.026268,0.026238,
0.026224,0.026231,0.026230,0.026235,0.026236,
0.026231,0.026232,0.026240,0.026228,0.026268,
0.026241,0.026232,0.026231,0.026249,0.026230,
0.026232,0.026239,0.026245,0.026253,0.026241,
0.026234,0.026259,0.026250,0.026245,0.026229,
0.026239,0.026231,0.026242,0.026245,0.026283,
0.026267,0.026232,0.026646,0.026615,0.026253,
0.026230,0.026230,0.026237,0.026259,0.026232,
0.026230,0.026234,0.026240,0.026229,0.026233,
0.026240,0.026236,0.026234,0.026229,0.026235,
0.026233,0.026252,0.026258,0.026234,0.026245,
0.026231,0.026228,0.026266,0.026236,0.026227,
0.026231,0.026228,0.026230,0.026230,0.026235,
0.026240,0.026235,0.026275,0.026232,0.026227,
0.026234,0.026235,0.026228,0.026229,0.026260,
0.026267,0.026268,0.026306,0.026249,0.026237,
0.026233,0.026231,0.026238,0.026231,0.026244,
0.026228,0.026247,0.026276,0.026231,0.026234,
0.026274,0.026228,0.026239,0.026231,0.026236,
0.026239,0.026230,0.026242,0.026246,0.026256,
0.026236,0.026233,0.026239,0.026248,0.026232,
0.026269,0.026281,0.026228,0.026252,0.026259,
0.026238,0.026235,0.026231,0.026236,0.026261,
0.026233,0.026238,0.026222,0.026241,0.026232,
0.026230,0.026228,0.026240,0.026236,0.026232,
0.026291,0.026233,0.026234,0.026228,0.026262,
0.026242,0.026235,0.026265,0.026233,0.026231,
0.026231,0.026229,0.026226,0.026224,0.026228,
0.026234,0.026245,0.026244,0.026239,0.026257,
0.026230,0.026232,0.026230,0.026246,0.026228,
0.026230,0.026262,0.026238,0.026259,0.026238,
0.026234,0.026273,0.026230,0.026294,0.026230,
0.026242,0.026234,0.026224,0.026233,0.026247,
0.026258,0.026249,0.026246,0.026277,0.026240,
0.026257,0.026247,0.026301,0.026237,0.026262,
0.026232,0.026278,0.026232,0.026248,0.026246,
0.026260,0.026232,0.026277,0.026277,0.026225,
0.026224,0.026228,0.026236,0.026238,0.026240,
0.026234,0.026264,0.026234,0.026265,0.026267,
0.026282,0.026240,0.026229,0.026237,0.026272,
0.026235,0.026264,0.026282,0.026237,0.026232,
0.026247,0.026241,0.026232,0.026231,0.026230,
0.026226,0.026232,0.026233,0.026225,0.026229,
0.026232,0.026230,0.026233,0.026235,0.026229,
0.026290,0.026242,0.026232,0.026234,0.026279,
0.026241,0.026237,0.026229,0.026230,0.026227,
0.026234,0.026260,0.026238,0.026235,0.026230,
0.026245,0.026237,0.026233,0.026230,0.026237,
0.026239,0.026239,0.026265,0.026269,0.026243,
0.026234,0.026231,0.026229,0.026228,0.026242,
0.026230,0.026276,0.026231,0.026252,0.026233,
0.026241,0.026266,0.026245,0.026286,0.026266,
0.026238,0.026235,0.026262,0.026233,0.026288,
0.026234,0.026229,0.026244,0.026324,0.026236,
0.026242,0.026231,0.026256,0.026239,0.026229,
0.026239,0.026238,0.026229,0.026234,0.026230,
0.026230,0.026233,0.026292,0.026254,0.026231,
0.026235,0.026242,0.026231,0.026233,0.026230,
0.026227,0.026228,0.026240,0.026246,0.026281,
0.026232,0.026226,0.026264,0.026259,0.026232,
0.026259,0.026235,0.026271,0.026240,0.026230,
0.026259,0.026267,0.026261,0.026251,0.026259,
0.026266,0.026234,0.026225,0.026239,0.026227,
0.026289,0.026246,0.026228,0.026251,0.026230,
0.026273,0.026234,0.026264,0.026251,0.026229,
0.026223,0.026235,0.026269,0.026248,0.026236,
0.026280,0.026230,0.026240,0.026227,0.026234,
0.026226,0.026249,0.026414,0.026782,0.026315,
0.026241,0.026231,0.026226,0.026235,0.026226,
0.026283,0.026240,0.026240,0.026235,0.026229,
0.026231,0.026247,0.026230,0.026240,0.026257,
0.026230,0.026245,0.026229,0.026260,0.026259,
0.026231,0.026235,0.026238,0.026316,0.026235,
0.026226,0.026236,0.026229,0.026229,0.026234,
0.026237,0.026262,0.026277,0.026243,0.026265,
0.026235,0.026286,0.026289,0.026235,0.026250,
0.026266,0.026244,0.026234,0.026271,0.026235,
0.026265,0.026266,0.026240,0.026232,0.026268,
0.026271,0.026301,0.026254,0.026234,0.026226,
0.026281,0.026244,0.026236,0.026234,0.026266,
0.026230,0.026228,0.026229,0.026268,0.026267,
0.026267,0.026253,0.026288,0.026246,0.026252,
0.026321,0.026313,0.026269,0.027122,0.026660,
0.026274,0.026279,0.026259,0.026233,0.026226,
0.026229,0.026239,0.026254,0.026226,0.026229,
0.026247,0.026228,0.026237,0.026276,0.026259,
0.026266,0.026233,0.026223,0.026235,0.026243,
0.026266,0.026255,0.026234,0.026228,0.026230,
0.026260,0.026235,0.026232,0.026233,0.026260,
0.026238,0.026229,0.026257,0.026260,0.026265,
0.026237,0.026264,0.026266,0.026242,0.026239,
0.026233,0.026231,0.026237,0.026311,0.026235,
0.026265,0.026238,0.026260,0.026250,0.026232,
0.026245,0.026235,0.026263,0.026239,0.026267,
0.026272,0.026252,0.026270,0.026246,0.026262,
0.026284,0.026268,0.026236,0.026228,0.026231,
0.026246,0.026263,0.026247,0.026282,0.026235,
0.026284,0.026263,0.026231,0.026227,0.026260,
0.026235,0.026290,0.026277,0.026279,0.026271,
0.026261,0.026235,0.026231,0.026259,0.026231,
0.026237,0.026246,0.026261,0.026246,0.026236,
0.026253,0.026291,0.026231,0.026274,0.026293,
0.026232,0.026242,0.026266,0.026276,0.026282,
0.026237,0.026230,0.026233,0.026225,0.026234,
0.026233,0.026238,0.026276,0.026260,0.026233,
0.026264,0.026233,0.026257,0.026279,0.026256,
0.026236,0.026224,0.026250,0.026249,0.026241,
0.026233,0.026239,0.026264,0.026232,0.026261,
0.026283,0.026230,0.026240,0.026231,0.026243,
0.026233,0.026228,0.026247,0.026242,0.026274,
0.026251,0.026249,0.026268,0.026301,0.026249,
0.026228,0.026239,0.026255,0.026259,0.026236,
0.026269,0.026288,0.026231,0.026290,0.026265,
0.026272,0.026289,0.026256,0.026257,0.026245,
0.026266,0.026283,0.026255,0.026294,0.026232,
0.026273,0.026231,0.026229,0.026231,0.026228,
0.026243,0.026245,0.026227,0.026232,0.026229,
0.026261,0.026268,0.026244,0.026280,0.026232,
0.026233,0.026235,0.026226,0.026231,0.026232,
0.026240,0.026235,0.026240,0.026287,0.026280,
0.026281,0.026310,0.026234,0.026229,0.026270,
0.026271,0.026236,0.026246,0.026228,0.026231,
0.026231,0.026228,0.026231,0.026261,0.026251,
0.026237,0.026233,0.026234,0.026245,0.026231,
0.026283,0.026270,0.026232,0.026233,0.026248,
0.026257,0.026258,0.026265,0.026293,0.026259,
0.026264,0.026240,0.026257,0.026233,0.026268,
0.026282,0.026234,0.026261,0.026231,0.026236,
0.026247,0.026265,0.026251,0.026287,0.026240,
0.026280,0.026232,0.026234,0.026293,0.026262,
0.026236,0.026273,0.026268,0.026233,0.026235,
0.026232,0.026238,0.026271,0.026239,0.026231,
0.026265,0.026248,0.026285,0.026248,0.026261,
0.026244,0.026265,0.026264,0.026240,0.026240,
0.026233,0.026261,0.026226,0.026239,0.026238,
0.026231,0.026246,0.026267,0.026236,0.026235,
0.026229,0.026266,0.026253,0.026261,0.026265,
0.026246,0.026229,0.026237,0.026231,0.026262,
0.026267,0.026228,0.026239,0.026232,0.026268,
0.026239,0.026305,0.026272,0.026239,0.026254,
0.026233,0.026243,0.026287,0.026239,0.026263,
0.026286,0.026266,0.026241,0.026226,0.026227,
0.026231,0.026268,0.026267,0.026271,0.026277,
0.026289,0.026232,0.026236,0.026547,0.027489,
0.026522,0.026264,0.026338,0.026282,0.026229,
0.026230,0.026234,0.026267,0.026229,0.026258,
0.026250,0.026262,0.026240,0.026234,0.026262,
0.026240,0.026258,0.026253,0.026243,0.026238,
0.026250,0.026284,0.026294,0.026244,0.026304,
0.026291,0.026239,0.026229,0.026229,0.026238,
0.026281,0.026233,0.026240,0.026231,0.026261,
0.026282,0.026232,0.026295,0.026282,0.026236,
0.026232,0.026229,0.026263,0.026228,0.026257,
0.026274,0.026266,0.026271,0.026276,0.026252,
0.026233,0.026270,0.026290,0.026245,0.026251,
0.026234,0.026267,0.026236,0.026238,0.026268,
0.026237,0.026281,0.026250,0.026232,0.026254,
0.026247,0.026259,0.026234,0.026255,0.026262,
0.026258,0.026313,0.026274,0.026234,0.026248,
0.026249,0.026276,0.026259,0.026244,0.026230,
0.026233,0.026226,0.026230,0.026233,0.026231,
0.026256,0.026247,0.026233,0.026232,0.026270,
0.026234,0.026238,0.026257,0.026248,0.026229,
0.026255,0.026271,0.026229,0.026233,0.026273,
0.026240,0.026232,0.026226,0.026232,0.026237,
0.026227,0.026239,0.026230,0.026237,0.026231,
0.026222,0.026229,0.026232,0.026229,0.026286,
0.026299,0.026234,0.026234,0.026226,0.026285,
0.026233,0.026251,0.026232,0.026229,0.026263,
0.026234,0.026258,0.026244,0.026233,0.026231,
0.026232,0.026229,0.026270,0.026246,0.026234,
0.026231,0.026262,0.026240,0.026257,0.026241,
0.026232,0.026234,0.026276,0.026243,0.026261,
0.026249,0.026237,0.026327,0.026262,0.026239,
0.026247,0.026227,0.026250,0.026286,0.026235,
0.026270,0.026250,0.026249,0.026261,0.026233,
0.026275,0.026234,0.026274,0.026237,0.026228,
0.026250,0.026267,0.026273,0.026235,0.026227,
0.026282,0.026229,0.026245,0.026233,0.026229,
0.026262,0.026285,0.026230,0.026227,0.026229,
0.026225,0.026232,0.026233,0.026255,0.026262,
0.026246,0.026228,0.026277,0.026252,0.026270,
0.026238,0.026287,0.026260,0.026247,0.026273,
0.026282,0.026269,0.026269,0.026251,0.026281,
0.026257,0.026232,0.026234,0.026241,0.026264,
0.026268,0.026225,0.026268,0.026296,0.026229,
0.026238,0.026230,0.026237,0.026260,0.026350,
0.026240,0.026230,0.026223,0.026226,0.026236,
0.026242,0.026232,0.026257,0.026246,0.026286,
0.026274,0.026238,0.026230,0.026241,0.026232,
0.026246,0.026234,0.026237,0.026230,0.026233,
0.026230,0.026235,0.026232,0.026226,0.026262,
0.026237,0.026240,0.026230,0.026231,0.026227,
0.026236,0.026227,0.026229,0.026239,0.026236,
0.026257,0.026242,0.026232,0.026256,0.026223,
0.026228,0.026261,0.026228,0.026238,0.028048,
0.026229,0.026245,0.026330,0.026276,0.026284,
0.026238,0.026249,0.026234,0.026255,0.026245,
0.026232,0.026232,0.026240,0.026235,0.026228,
0.026234,0.026251,0.026271,0.026238,0.026234,
0.026267,0.026245,0.026228,0.026263,0.026229,
0.026231,0.026243,0.026258,0.026235,0.026300,
0.026237,0.026264,0.026234,0.026238,0.026236,
0.026230,0.026236,0.026233,0.026230,0.026284,
0.026295,0.026292,0.026271,0.026291,0.026267,
0.026258,0.026225,0.026264,0.026229,0.026302,
0.026242,0.026227,0.026273,0.026239,0.026227,
0.026234,0.026258,0.026266,0.026251,0.026246,
0.026257,0.026230,0.026226,0.026245,0.026236,
0.026240,0.026231,0.026279,0.026231,0.026266,
0.026250,0.026228,0.026224,0.026234,0.026235,
0.026234,0.026233,0.026244,0.026234,0.026252,
0.026230,0.026234,0.026232,0.026227,0.026233,
0.026264,0.026269,0.026236,0.026261,0.026234,
0.026231,0.026224,0.026238,0.026233,0.026260,
0.026231,0.026242,0.026302,0.026237,0.026225,
0.026228,0.026236,0.026240,0.026233,0.026228,
0.026230,0.026267,0.026230,0.026267,0.026233,
0.026232,0.026248,0.026243,0.026235,0.026232,
0.026234,0.026229,0.026251,0.026249,0.026270,
0.026643,0.026581,0.026242,0.026238,0.026256,
0.026233,0.026230,0.026235,0.026230,0.026229,
0.026247,0.026227,0.026238,0.026274,0.026234,
0.026240,0.026243,0.026226,0.026231,0.026246,
0.026249,0.026233,0.026225,0.026233,0.026294,
0.026256,0.026263,0.026230,0.026235,0.026230,
0.026228,0.026234,0.026236,0.026239,0.026231,
0.026227,0.026234,0.026237,0.026224,0.026231,
0.026224,0.026231,0.026265,0.026228,0.026229,
0.026231,0.026234,0.026233,0.026226,0.026270,
0.026240,0.026261,0.026246,0.026237,0.026229,
0.026230,0.026230,0.026231,0.026240,0.026223,
0.026227,0.026229,0.026228,0.026268,0.026229,
0.026262,0.026234,0.026224,0.026230,0.026234,
0.026228,0.026233,0.026327,0.026238,0.026256,
0.027126,0.026647,0.026271,0.026266,0.026233,
0.026263,0.026250,0.026232,0.026227,0.026235,
0.026238,0.026265,0.026232,0.026226,0.026250,
0.026260,0.026262,0.026287,0.026230,0.026227,
0.026255,0.026238,0.026232,0.026236,0.026234,
0.026232,0.026232,0.026227,0.026262,0.026232,
0.026237,0.026236,0.026235,0.026269,0.026236,
0.026238,0.026280,0.026236,0.026233,0.026235,
0.026228,0.026234,0.026241,0.026239,0.026265,
0.026302,0.026230,0.026234,0.026237,0.026236,
0.026238,0.026231,0.026239,0.026261,0.026232,
0.026262,0.026277,0.026237,0.026304,0.026257,
0.026234,0.026229,0.026242,0.026233,0.026230,
0.026258,0.026238,0.026251,0.026236,0.026235,
0.026260,0.026256,0.026227,0.026240,0.026232,
0.026226,0.026262,0.026264,0.026241,0.026232,
0.026225,0.026229,0.026260,0.026231,0.026228,
0.026235,0.026226,0.026234,0.026232,0.026231,
0.026227,0.026259,0.026319,0.026255,0.026228,
0.026238,0.026230,0.026237,0.026237,0.026267,
0.026239,0.026240,0.026229,0.026230,0.026266,
0.026283,0.026232,0.026225,0.026232,0.026231,
0.026227,0.026240,0.026230,0.026228,0.026228,
0.026222,0.026236,0.026237,0.026241,0.026231,
0.026230,0.026262,0.026236,0.026267,0.026236,
0.026262,0.026260,0.026266,0.026233,0.026265,
0.026246,0.026237,0.026234,0.026229,0.026263,
0.026240,0.026239,0.026230,0.026230,0.026229,
0.026307,0.026263,0.026252,0.026259,0.026246,
0.026229,0.026241,0.026255,0.026241,0.026292,
0.026227,0.026234,0.026247,0.026262,0.026272,
0.026232,0.026234,0.026229,0.026236,0.026282,
0.026230,0.026234,0.026231,0.026231,0.026233,
0.026235,0.026232,0.026229,0.026247,0.026240,
0.026228,0.026224,0.026263,0.026232,0.026237,
0.026239,0.026230,0.026233,0.026230,0.026224,
0.026232,0.026244,0.026253,0.026235,0.026227,
0.026237,0.026237,0.026261,0.026283,0.026235,
0.026227,0.026228,0.026228,0.026234,0.026230,
0.026229,0.026230,0.026244,0.026247,0.026232,
0.026237,0.026232,0.026254,0.026230,0.026229,
0.026226,0.026265,0.026238,0.026227,0.026227,
0.026233,0.026225,0.026240,0.026225,0.026232,
0.026245,0.026260,0.026229,0.026261,0.026230,
0.026263,0.026226,0.026232,0.026269,0.026233,
0.026284,0.026244,0.026231,0.026237,0.026226,
0.026256,0.026237,0.026227,0.026225,0.026231,
0.026296,0.026265,0.026225,0.026229,0.026230,
0.026226,0.026232,0.026230,0.026229,0.026241,
0.026236,0.026233,0.026233,0.026226,0.026240,
0.026243,0.026229,0.026234,0.026227,0.026230,
0.026237,0.026229,0.026229,0.026249,0.026244,
0.026237,0.026236,0.026228,0.026230,0.026241,
0.026228,0.026240,0.026225,0.026242,0.026231,
0.026233,0.026227,0.026223,0.026233,0.026262,
0.026228,0.026230,0.026231,0.026232,0.026234,
0.026230,0.026234,0.026233,0.026332,0.026236,
0.026248,0.026232,0.026230,0.026264,0.026272,
0.026233,0.026226,0.026235,0.026239,0.026233,
0.026260,0.026230,0.026266,0.026234,0.026232,
0.026267,0.026231,0.026298,0.026233,0.026241,
0.026234,0.026253,0.026245,0.026266,0.026230,
0.026235,0.026232,0.026238,0.026282,0.026249,
0.026232,0.026269,0.026239,0.026243,0.026245,
0.026274,0.026252,0.026267,0.026230,0.026231,
0.026261,0.026240,0.026306,0.026237,0.026236,
0.026273,0.026256,0.026232,0.026230,0.026234,
0.026263,0.026230,0.026273,0.026230,0.026235,
0.026267,0.026238,0.026234,0.026231,0.026262,
0.026240,0.026271,0.026239,0.026239,0.026279,
0.026236,0.026272,0.027327,0.027049,0.026716,
0.026287,0.026259,0.026821,0.026459,0.026262,
0.026298,0.026240,0.026267,0.026265,0.026272,
0.026242,0.026264,0.026241,0.026260,0.026249,
0.026255,0.026256,0.026263,0.026279,0.026257,
0.026285,0.026258,0.026262,0.026310,0.026255,
0.026263,0.026235,0.026880,0.026335,0.026270,
0.026234,0.026233,0.026231,0.026253,0.026277,
0.026243,0.026230,0.026230,0.026232,0.026232,
0.026238,0.026236,0.026239,0.026267,0.026238,
0.026253,0.026225,0.026238,0.026232,0.026229,
0.026232,0.026226,0.026228,0.026227,0.026230,
0.026231,0.026228,0.026237,0.026236,0.026228,
0.026232,0.026242,0.026231,0.026232,0.026228,
0.026240,0.026231,0.026231,0.026230,0.026230,
0.026275,0.026295,0.026232,0.026267,0.026234,
0.026225,0.026231,0.026231,0.026225,0.026237,
0.026239,0.026241,0.026274,0.026233,0.026233,
0.026251,0.026228,0.026237,0.026233,0.026229,
0.026232,0.026227,0.026235,0.026239,0.026243,
0.026254,0.026258,0.026232,0.026240,0.026293,
0.026245,0.026244,0.026240,0.026231,0.026236,
0.026259,0.026263,0.026234,0.026229,0.026228,
0.026224,0.026261,0.026234,0.026227,0.026234,
0.026228,0.026236,0.026231,0.026303,0.026269,
0.026265,0.026232,0.026229,0.026236,0.026234,
0.026235,0.026229,0.026230,0.026231,0.026229,
0.026228,0.026222,0.026230,0.026234,0.026271,
0.026230,0.026227,0.026230,0.026239,0.026226,
0.026225,0.026231,0.026237,0.026234,0.026229,
0.026231,0.026230,0.026227,0.026228,0.026234,
0.026261,0.026235,0.026229,0.026240,0.026236,
0.026225,0.026235,0.026229,0.026251,0.026242,
0.026226,0.026237,0.026241,0.026259,0.026233,
0.026234,0.026264,0.026234,0.026227,0.026230,
0.026238,0.026235,0.026240,0.026236,0.026232,
0.026231,0.026235,0.026234,0.026235,0.026228,
0.026239,0.026232,0.026246,0.026257,0.026227,
0.026230,0.026231,0.026243,0.026257,0.026233,
0.026227,0.026241,0.026248,0.026233,0.026230,
0.026244,0.026230,0.026241,0.026232,0.026242,
0.026236,0.026249,0.026231,0.026235,0.026232,
0.026234,0.026225,0.026228,0.026229,0.026228,
0.026240,0.026248,0.026230,0.026268,0.026246,
0.026237,0.026231,0.026235,0.026230,0.026228,
0.026233,0.026230,0.026227,0.026229,0.026225,
0.026232,0.026235,0.026241,0.026237,0.026236,
0.026230,0.026233,0.026227,0.026253,0.026232,
0.026253,0.026237,0.026233,0.026241,0.026232,
0.026230,0.026228,0.026229,0.026228,0.026224,
0.026226,0.026231,0.026234,0.026231,0.026281,
0.026241,0.026285,0.026246,0.026229,0.026254,
0.026230,0.026256,0.026235,0.026229,0.026277,
0.026255,0.026285,0.026240,0.026229,0.026231,
0.026260,0.026236,0.026227,0.026229,0.026233,
0.026232,0.026251,0.026226,0.026231,0.026268,
0.026231,0.026250,0.026227,0.026233,0.026230,
0.026225,0.026235,0.026229,0.026231,0.026230,
0.026228,0.026235,0.026268,0.026242,0.026236,
0.026229,0.026240,0.026232,0.026226,0.026231,
0.026232,0.026232,0.026229,0.026226,0.026228,
0.026231,0.026228,0.026243,0.026258,0.026237,
0.026228,0.026234,0.026229,0.026268,0.026295,
0.026232,0.026230,0.026252,0.026232,0.026241,
0.026226,0.026232,0.026238,0.026234,0.026230,
0.026231,0.026231,0.026230,0.026234,0.026278,
0.026229,0.026265,0.026229,0.026229,0.026247,
0.026229,0.026228,0.026238,0.026236,0.026232,
0.026229,0.026253,0.026270,0.026238,0.026230,
0.028045,0.026240,0.026260,0.026235,0.026234,
0.026226,0.026225,0.026238,0.026236,0.026235,
0.026247,0.026242,0.026238,0.026224,0.026233,
0.026231,0.026289,0.026241,0.026227,0.026233,
0.026234,0.026226,0.026238,0.026270,0.026265,
0.026234,0.026232,0.026242,0.026231,0.026229,
0.026235,0.026232,0.026228,0.026230,0.026228,
0.026232,0.026237,0.026229,0.026231,0.026232,
0.026260,0.026235,0.026224,0.026232,0.026233,
0.026236,0.026236,0.026231,0.026228,0.026259,
0.026238,0.026234,0.026230,0.026229,0.026230,
0.026226,0.026235,0.026227,0.026227,0.026231,
0.026236,0.026268,0.026232,0.026304,0.026331,
0.026245,0.026241,0.026229,0.027507,0.026323,
0.026242,0.026237,0.026231,0.026297,0.026238,
0.026233,0.026231,0.026229,0.026230,0.026238,
0.026427,0.026232,0.026235,0.026233,0.026245,
0.026263,0.026239,0.026262,0.026260,0.026250,
0.026231,0.026238,0.026234,0.026228,0.026237,
0.026233,0.026231,0.026229,0.026230,0.026236,
0.026227,0.026249,0.026291,0.026247,0.026272,
0.026236,0.026241,0.026234,0.026231,0.026227,
0.026230,0.026278,0.026260,0.026234,0.026227,
0.026237,0.026235,0.026228,0.026231,0.026231,
0.026228,0.026234,0.026240,0.026240,0.026236,
0.026235,0.026275,0.026241,0.026230,0.026231,
0.026261,0.026234,0.026232,0.026224,0.026267,
0.026253,0.026266,0.026235,0.026250,0.026255,
0.026263,0.026269,0.026233,0.026242,0.026228,
0.026235,0.026248,0.026252,0.026231,0.026244,
0.026285,0.026235,0.026227,0.026232,0.026229,
0.026242,0.026263,0.026228,0.026229,0.026298,
0.026249,0.026228,0.026226,0.026228,0.026270,
0.026232,0.026229,0.026226,0.026237,0.026236,
0.026225,0.026232,0.026235,0.026235,0.026235,
0.026240,0.026232,0.026231,0.026264,0.026239,
0.026266,0.026233,0.026767,0.026559,0.026243,
0.026238,0.026231,0.026235,0.026233,0.026231,
0.026242,0.026229,0.026226,0.026250,0.026275,
0.026228,0.026245,0.026224,0.026242,0.026231,
0.026224,0.026228,0.026244,0.026272,0.026231,
0.026236,0.026289,0.026319,0.026289,0.026237,
0.026228,0.026230,0.026236,0.026229,0.026250,
0.026246,0.026314,0.026240,0.026245,0.026242,
0.026232,0.026233,0.026231,0.026238,0.026223,
0.026229,0.026258,0.026241,0.026230,0.026228,
0.026234,0.026231,0.026265,0.026237,0.026241,
0.026230,0.026244,0.026231,0.026233,0.026233,
0.026235,0.026284,0.026254,0.026236,0.026245,
0.026230,0.026240,0.026226,0.026227,0.026230,
0.026229,0.026247,0.026235,0.026226,0.026294,
0.026246,0.026238,0.026229,0.026226,0.026239,
0.026233,0.026265,0.026236,0.026229,0.026229,
0.026233,0.026236,0.026271,0.026232,0.026231,
0.026248,0.026255,0.026234,0.026227,0.026277,
0.026266,0.026238,0.026224,0.026240,0.026266,
0.026241,0.026264,0.026239,0.026232,0.026233,
0.026227,0.026230,0.026239,0.026229,0.026233,
0.026229,0.026260,0.026240,0.026259,0.026246,
0.026227,0.026232,0.026230,0.026229,0.026229,
0.026239,0.026225,0.026289,0.026265,0.026264,
0.026233,0.026238,0.026261,0.026234,0.026260,
0.026235,0.026260,0.026260,0.026254,0.026233,
0.026232,0.026240,0.026248,0.026272,0.026240,
0.026242,0.026229,0.026226,0.026228,0.026235,
0.026222,0.026231,0.026241,0.026233,0.026233,
0.026226,0.026251,0.026242,0.026227,0.026227,
0.026235,0.026228,0.026234,0.026225,0.026233,
0.026230,0.026235,0.026230,0.026241,0.026230,
0.026236,0.026223,0.026262,0.026235,0.026253,
0.026282,0.026239,0.026228,0.026233,0.026225,
0.026239,0.026260,0.026226,0.026246,0.026226,
0.026227,0.026229,0.026230,0.026229,0.026230,
0.026240,0.026234,0.026234,0.026326,0.026253,
0.026258,0.026261,0.026231,0.026229,0.026237,
0.026229,0.026233,0.026232,0.026237,0.026234,
0.026261,0.026263,0.026236,0.026227,0.026231,
0.026232,0.026265,0.026234,0.026241,0.026236,
0.026229,0.026231,0.026228,0.026242,0.026237,
0.026268,0.026238,0.026302,0.026232,0.026226,
0.026230,0.026229,0.026227,0.026237,0.026234,
0.026264,0.026234,0.026233,0.026263,0.026236,
0.026229,0.026234,0.026233,0.026228,0.026234,
0.026230,0.026233,0.026235,0.026226,0.026242,
0.026231,0.026234,0.026231,0.026229,0.026265,
0.026233,0.026233,0.026242,0.026235,0.026228,
0.026233,0.026237,0.026236,0.026261,0.026240,
0.026231,0.026234,0.026224,0.026231,0.026256,
0.026233,0.026236,0.026231,0.026227,0.026226,
0.026313,0.026235,0.026240,0.026254,0.026256,
0.026225,0.026227,0.026221,0.026235,0.026226,
0.026227,0.026231,0.026284,0.026238,0.026229,
0.026227,0.026234,0.026231,0.026257,0.026234,
0.026256,0.026234,0.026229,0.026225,0.026236,
0.026238,0.026242,0.026364,0.026235,0.026235,
0.026233,0.026227,0.026235,0.026228,0.026227,
0.026233,0.026227,0.026231,0.026234,0.026229,
0.026269,0.026231,0.026237,0.026234,0.026231,
0.026229,0.026230,0.026271,0.026257,0.026235,
0.026240,0.026279,0.026256,0.026248,0.026233,
0.026229,0.026268,0.026237,0.026231,0.026243,
0.026232,0.026230,0.026239,0.026298,0.026243,
0.026279,0.026229,0.026230,0.026230,0.026226,
0.026231,0.026237,0.026231,0.026231,0.026228,
0.026229,0.026289,0.026265,0.026298,0.026254,
0.026232,0.026243,0.026230,0.026236,0.026228,
0.026255,0.026236,0.026234,0.026255,0.026298,
0.026251,0.026228,0.026230,0.026230,0.026239,
0.026313,0.026238,0.026244,0.026226,0.026232,
0.026238,0.026228,0.026235,0.026255,0.026255,
0.026239,0.026245,0.026229,0.026261,0.026242,
0.026240,0.026240,0.026233,0.026233,0.026232,
0.026231,0.026240,0.026262,0.026237,0.027644,
0.026728,0.026248,0.026236,0.026235,0.026230,
0.026227,0.026233,0.026269,0.026235,0.026234,
0.026229,0.026247,0.026267,0.026238,0.026240,
0.026247,0.026226,0.026229,0.026237,0.026236,
0.026235,0.026235,0.026248,0.026292,0.026249,
0.026235,0.026228,0.026262,0.026235,0.026230,
0.026230,0.026228,0.026228,0.026235,0.026250,
0.026265,0.026243,0.026243,0.026232,0.026257,
0.026234,0.026230,0.026227,0.026228,0.026234,
0.026258,0.026269,0.026238,0.026231,0.026264,
0.026251,0.026287,0.026275,0.026236,0.026238,
0.026261,0.026245,0.026253,0.026275,0.026236,
0.026264,0.026226,0.026229,0.026227,0.026231,
0.026228,0.026229,0.026260,0.026237,0.026226,
0.026312,0.026244,0.026229,0.026241,0.026259,
0.026241,0.026237,0.026261,0.026234,0.026229,
0.026236,0.026230,0.026273,0.026232,0.026235,
0.026233,0.026236,0.026231,0.026235,0.026250,
0.026247,0.026241,0.026238,0.026227,0.026239,
0.026231,0.026230,0.026244,0.026274,0.026267,
0.026236,0.026224,0.026230,0.026229,0.026228,
0.026246,0.026231,0.026235,0.026291,0.026237,
0.026231,0.026270,0.026267,0.026236,0.026228,
0.026232,0.026230,0.026231,0.026318,0.026238,
0.026225,0.026239,0.026257,0.026267,0.026231,
0.026233,0.026232,0.026230,0.026257,0.026254,
0.026234,0.026235,0.026232,0.026241,0.026283,
0.026237,0.026242,0.026268,0.026232,0.026231,
0.026231,0.026238,0.026236,0.026241,0.026232,
0.026236,0.026282,0.026234,0.026231,0.026235,
0.026284,0.026259,0.026231,0.026229,0.026261,
0.026237,0.026228,0.026226,0.026233,0.026239,
0.026234,0.026233,0.026266,0.026253,0.026254,
0.026260,0.026301,0.026239,0.026241,0.026234,
0.026228,0.026269,0.026233,0.026258,0.026247,
0.026262,0.026260,0.026238,0.026228,0.026229,
0.026231,0.026239,0.026236,0.026227,0.026229,
0.026228,0.026229,0.026246,0.026235,0.026260,
0.026237,0.026231,0.026228,0.026231,0.026225,
0.026231,0.026230,0.026236,0.026232,0.026280,
0.026249,0.026229,0.026224,0.026236,0.026244,
0.026259,0.026242,0.026227,0.026226,0.026239,
0.026230,0.026236,0.026235,0.026321,0.026276,
0.026235,0.026227,0.026231,0.026229,0.026234,
0.026235,0.026228,0.026229,0.026230,0.026227,
0.026240,0.026230,0.026250,0.026252,0.026227,
0.026226,0.026224,0.026234,0.026224,0.026227,
0.026231,0.026235,0.026224,0.026234,0.026225,
0.026233,0.026247,0.026262,0.026258,0.026246,
0.026259,0.026255,0.026273,0.026274,0.026233,
0.026235,0.026229,0.026257,0.026259,0.026234,
0.026253,0.026238,0.026231,0.026226,0.026248,
0.026277,0.026309,0.026260,0.026251,0.026305,
0.027340,0.026501,0.026308,0.026264,0.026233,
0.026234,0.026237,0.026228,0.026239,0.026234,
0.026228,0.026265,0.026232,0.026232,0.026234,
0.026224,0.026245,0.026269,0.026237,0.026230,
0.026237,0.026233,0.026269,0.026238,0.026228,
0.026245,0.026284,0.026286,0.026231,0.026234,
0.026235,0.026226,0.026232,0.026228,0.026237,
0.026260,0.026235,0.026242,0.026241,0.026264,
0.026235,0.026230,0.026236,0.026305,0.026243,
0.026235,0.026240,0.026230,0.026233,0.026230,
0.026234,0.026238,0.026253,0.026263,0.026248,
0.026273,0.026243,0.026227,0.026256,0.026268,
0.026269,0.026241,0.026235,0.026228,0.026282,
0.026232,0.026237,0.026263,0.026229,0.026240,
0.026235,0.026229,0.026261,0.026228,0.026234,
0.026245,0.026269,0.026254,0.026254,0.026234,
0.026230,0.026225,0.026231,0.026230,0.026236,
0.026229,0.026229,0.026239,0.026284,0.026233,
0.026228,0.026319,0.026243,0.026255,0.026258,
0.026225,0.026240,0.026228,0.026232,0.026268,
0.026230,0.026265,0.026259,0.026230,0.026233,
0.026256,0.026236,0.026233,0.026225,0.026230,
0.026230,0.026232,0.026283,0.026239,0.026234,
0.026248,0.026279,0.026257,0.026231,0.026227,
0.026230,0.026229,0.026243,0.026237,0.026231,
0.026232,0.026225,0.026231,0.026232,0.026228,
0.026230,0.026229,0.026269,0.026235,0.026237,
0.026232,0.026237,0.026238,0.026245,0.026317,
0.026237,0.026247,0.026228,0.026222,0.026234,
0.026229,0.026229,0.026238,0.026294,0.026232,
0.026244,0.026247,0.026265,0.026273,0.026238,
0.026272,0.026294,0.026231,0.026228,0.026226,
0.026244,0.026235,0.026289,0.026239,0.026263,
0.026269,0.026235,0.026265,0.026237,0.026223,
0.026260,0.026244,0.026239,0.026234,0.026232,
0.026228,0.026239,0.026226,0.026231,0.026261,
0.026236,0.026230,0.026236,0.026237,0.026237,
0.026228,0.026312,0.026237,0.026229,0.026243,
0.026229,0.026231,0.026243,0.026262,0.026234,
0.026228,0.026230,0.026232,0.026235,0.026228,
0.026237,0.026232,0.026231,0.026231,0.026231,
0.026236,0.026242,0.026232,0.026261,0.026247,
0.026239,0.026236,0.026279,0.026237,0.026234,
0.026231,0.026256,0.026250,0.026264,0.026250,
0.026233,0.026262,0.026256,0.026229,0.026267,
0.026234,0.026229,0.026246,0.026228,0.026244,
0.026235,0.026259,0.026233,0.026264,0.026311,
0.026232,0.026246,0.026269,0.026231,0.026250,
0.026268,0.026265,0.026267,0.026271,0.026242,
0.026234,0.026236,0.026250,0.026271,0.026237,
0.026242,0.026250,0.026246,0.026244,0.026283,
0.026253,0.026280,0.026229,0.026252,0.026282,
0.026229,0.026229,0.026225,0.026226,0.026234,
0.026234,0.026239,0.026235,0.026268,0.026239,
0.026257,0.026226,0.026227,0.026231,0.026232,
0.026238,0.026225,0.026233,0.026230,0.026225,
0.026236,0.026277,0.026282,0.026264,0.026238,
0.026262,0.026235,0.026239,0.026230,0.026226,
0.026232,0.026229,0.026217,0.026227,0.026268,
0.026229,0.026235,0.026271,0.026267,0.026235,
0.026286,0.026233,0.026233,0.026248,0.026243,
0.026230,0.026242,0.026261,0.026258,0.026236,
0.026235,0.026280,0.026230,0.026227,0.026382,
0.026238,0.026227,0.026231,0.026269,0.026270,
0.026235,0.026237,0.026238,0.026232,0.026260,
0.026241,0.026233,0.026227,0.026286,0.026318,
0.026244,0.026232,0.026258,0.026305,0.026272,
0.026240,0.026267,0.026264,0.026252,0.026234,
0.026228,0.026231,0.026242,0.026239,0.026229,
0.026232,0.026251,0.026249,0.026231,0.026234,
0.026261,0.026244,0.026234,0.026233,0.026235,
0.026237,0.026251,0.026231,0.026283,0.026242,
0.026272,0.026244,0.026264,0.026247,0.026281,
0.026243,0.026248,0.026230,0.026231,0.026229,
0.026228,0.026261,0.026228,0.026232,0.026235,
0.026224,0.026231,0.026310,0.026236,0.026228,
0.026237,0.026604,0.026653,0.026272,0.026235,
0.026271,0.026260,0.026252,0.026257,0.026242,
0.026234,0.026225,0.026233,0.026223,0.026230,
0.026269,0.026240,0.026231,0.026236,0.026244,
0.026231,0.026277,0.026230,0.026231,0.026269,
0.026231,0.026235,0.026283,0.026235,0.026247,
0.026239,0.026266,0.026242,0.026231,0.026231,
0.026227,0.026233,0.026223,0.026243,0.026246,
0.026229,0.026230,0.026228,0.026258,0.026320,
0.026256,0.026236,0.026274,0.026229,0.026235,
0.026230,0.026230,0.026235,0.026229,0.026231,
0.026244,0.026228,0.026246,0.026258,0.026244,
0.026279,0.026238,0.026238,0.026231,0.026230,
0.026233,0.026227,0.026229,0.026258,0.026233,
0.026235,0.026236,0.026232,0.026314,0.026249,
0.026241,0.026247,0.026233,0.026234,0.026236,
0.026266,0.026234,0.026265,0.026231,0.026264,
0.026237,0.026231,0.026267,0.026267,0.026235,
0.026266,0.026232,0.026323,0.026242,0.026231,
0.026239,0.026234,0.026248,0.026251,0.026224,
0.026243,0.026227,0.026231,0.026231,0.026233,
0.026230,0.026264,0.026242,0.026251,0.026228,
0.026231,0.026231,0.026228,0.026233,0.026260,
0.026258,0.026262,0.026231,0.026239,0.026297,
0.026265,0.026242,0.026266,0.026284,0.026267,
0.026272,0.026277,0.026257,0.026264,0.026245,
0.026272,0.026285,0.026240,0.026244,0.026235,
0.026239,0.026277,0.026287,0.026276,0.026284,
0.026287,0.026231,0.026230,0.026238,0.026237,
0.026276,0.026256,0.026232,0.026230,0.026226,
0.026234,0.026233,0.026236,0.026248,0.026266,
0.026235,0.026230,0.026258,0.026249,0.026259,
0.026228,0.026241,0.026232,0.026233,0.026232,
0.026226,0.026229,0.026235,0.026247,0.026266,
0.026253,0.026239,0.026239,0.026238,0.026256,
0.026246,0.026243,0.026230,0.026237,0.026226,
0.026236,0.026258,0.026235,0.026235,0.026244,
0.026232,0.026229,0.026314,0.026241,0.026229,
0.026233,0.026244,0.026236,0.026234,0.026282,
0.026261,0.026281,0.026259,0.026392,0.026245,
0.026259,0.026238,0.026252,0.026231,0.026231,
0.026231,0.026231,0.026238,0.026234,0.026228,
0.026242,0.026237,0.026236,0.026260,0.026233,
0.026264,0.026230,0.026229,0.026232,0.026259,
0.026232,0.026253,0.026271,0.026234,0.026233,
0.026289,0.026231,0.026230,0.026259,0.026235,
0.026259,0.026249,0.026246,0.026289,0.026245,
0.026316,0.026272,0.026243,0.026243,0.026265,
0.026228,0.026265,0.026237,0.026232,0.026267,
0.026269,0.026243,0.026233,0.026266,0.026298,
0.026253,0.026269,0.026247,0.026238,0.026228,
0.026231,0.026227,0.026230,0.026264,0.026238,
0.026274,0.026232,0.026232,0.026234,0.026226,
0.026229,0.026233,0.026235,0.026243,0.026229,
0.026230,0.026283,0.026232,0.026230,0.026264,
0.026239,0.026236,0.026227,0.026265,0.026249,
0.026249,0.026235,0.026301,0.026263,0.026235,
0.026235,0.026241,0.026231,0.026241,0.026249,
0.026248,0.026241,0.026236,0.026224,0.026231,
0.026235,0.026229,0.026231,0.026261,0.026236,
0.026233,0.026227,0.026230,0.026261,0.026233,
0.026238,0.026239,0.026228,0.026230,0.026232,
0.026225,0.026261,0.026264,0.026237,0.026229,
0.026224,0.026227,0.026232,0.026231,0.026234,
0.026225,0.026265,0.026262,0.026263,0.026249,
0.026236,0.026244,0.026231,0.026275,0.026239,
0.026311,0.026269,0.026234,0.026230,0.026228,
0.026229,0.026235,0.026287,0.026237,0.026232,
0.026230,0.026249,0.026235,0.026232,0.026245,
0.026234,0.026230,0.026227,0.026233,0.026224,
0.026248,0.026256,0.026237,0.026228,0.026266,
0.026226,0.026229,0.026228,0.026233,0.026240,
0.026225,0.026229,0.026240,0.026228,0.026244,
0.026228,0.026264,0.026247,0.026257,0.026237,
0.026233,0.026228,0.026229,0.026224,0.026227,
0.026273,0.026235,0.026239,0.026342,0.026232,
0.026254,0.026226,0.027162,0.026681,0.026250,
0.026237,0.026229,0.026262,0.026235,0.026271,
0.026264,0.026235,0.026265,0.026237,0.026225,
0.026228,0.026231,0.026246,0.026271,0.026258,
0.026288,0.026240,0.026266,0.026267,0.026265,
0.026270,0.026246,0.026249,0.026226,0.026236,
0.026230,0.026230,0.026232,0.026255,0.026251,
0.026232,0.026229,0.026236,0.026228,0.026253,
0.026251,0.026238,0.026232,0.026284,0.026233,
0.026301,0.026248,0.026255,0.026239,0.026234,
0.026242,0.026233,0.026226,0.026231,0.026232,
0.026230,0.026239,0.026227,0.026230,0.026244,
0.026236,0.026230,0.026274,0.026257,0.026230,
0.026278,0.026235,0.026231,0.026227,0.026228,
0.026238,0.026232,0.026281,0.026229,0.026233,
0.026233,0.026234,0.026266,0.026262,0.026261,
0.026231,0.026225,0.026242,0.026261,0.026266,
0.026235,0.026269,0.026229,0.026234,0.026235,
0.026238,0.026234,0.026229,0.026329,0.026248,
0.026236,0.026265,0.026259,0.026248,0.026232,
0.026228,0.026246,0.026276,0.026233,0.026235,
0.026230,0.026305,0.026236,0.026231,0.026237,
0.026253,0.026236,0.026230,0.026228,0.026237,
0.026234,0.026239,0.026240,0.026232,0.026227,
0.026230,0.026225,0.026258,0.026236,0.026264,
0.026234,0.026233,0.026234,0.026229,0.026254,
0.026242,0.026254,0.026239,0.026262,0.026270,
0.026241,0.026274,0.026230,0.026228,0.026245,
0.026300,0.026269,0.026231,0.026232,0.026231,
0.026227,0.026233,0.026285,0.026229,0.026251,
0.026290,0.026236,0.026240,0.026249,0.026264,
0.026273,0.026239,0.026230,0.026241,0.026271,
0.026237,0.026258,0.026257,0.026258,0.026227,
0.026239,0.026277,0.026228,0.026230,0.026225,
0.026226,0.026235,0.026233,0.026259,0.026273,
0.026232,0.026231,0.026229,0.026250,0.026254,
0.026229,0.026233,0.026229,0.026240,0.026235,
0.026266,0.026233,0.026266,0.026321,0.026239,
0.028045,0.026231,0.026240,0.026262,0.026252,
0.026269,0.026234,0.026248,0.026235,0.026236,
0.026232,0.026268,0.026231,0.026262,0.026234,
0.026230,0.026235,0.026237,0.026229,0.026231,
0.026235,0.026241,0.026245,0.026231,0.026230,
0.026235,0.026236,0.026231,0.026263,0.026228,
0.026236,0.026231,0.026250,0.026244,0.026232,
0.026258,0.026234,0.026233,0.026234,0.026225,
0.026263,0.026253,0.026243,0.026261,0.026232,
0.026253,0.026262,0.026233,0.026264,0.026260,
0.026238,0.026238,0.026228,0.026230,0.026238,
0.026225,0.026253,0.026251,0.026234,0.026277,
0.026253,0.026239,0.026236,0.026239,0.026235,
0.026260,0.026265,0.026237,0.026225,0.026229,
0.026232,0.026248,0.026265,0.026231,0.026273,
0.026233,0.026229,0.026228,0.026228,0.026250,
0.026231,0.026225,0.026241,0.026263,0.026257,
0.026236,0.026237,0.026236,0.026261,0.026231,
0.026236,0.026255,0.026242,0.026298,0.026256,
0.026232,0.026233,0.026259,0.026251,0.026235,
0.026237,0.026231,0.026274,0.026250,0.026285,
0.026240,0.026262,0.026236,0.026226,0.026234,
0.026229,0.026240,0.026317,0.026232,0.026232,
0.026247,0.026258,0.026700,0.026694,0.026256,
0.026266,0.026231,0.026228,0.026230,0.026235,
0.026258,0.026264,0.026235,0.026234,0.026233,
0.026264,0.026238,0.026259,0.026235,0.026233,
0.026230,0.026302,0.026244,0.026248,0.026235,
0.026236,0.026313,0.026294,0.026256,0.026268,
0.026232,0.026226,0.026236,0.026232,0.026228,
0.026238,0.026265,0.026235,0.026263,0.026231,
0.026253,0.026263,0.026267,0.026265,0.026265,
0.026265,0.026233,0.026254,0.026240,0.026292,
0.026239,0.026227,0.026229,0.026239,0.026261,
0.026236,0.026234,0.026225,0.026283,0.026292,
0.026246,0.026230,0.026230,0.026241,0.026287,
0.026247,0.026233,0.026230,0.026229,0.026232,
0.026242,0.026228,0.026237,0.026291,0.026266,
0.026232,0.026239,0.026231,0.026249,0.026280,
0.026249,0.026261,0.026241,0.026266,0.026232,
0.026230,0.026268,0.026233,0.026282,0.026228,
